2006/12/13  15:25
PrRuRh003P-1   t=0.760 (mm), w=0.770 (mm), l=1.000 (mm)
Temp(K)  rho(Ohm*cm)  V+(mV)  V-(mV)  I+(mA)  I-(mA)  VI+(V)  VI-(V)  T1(K)  T2(K)
 4.21 2.3940E-4 9.9996E+0 -1.0000E+1 3.49330E-2 -4.68609E-2 4.2109E+0 4.2050E+0  4.21  4.21
 4.21 2.3933E-4 9.9996E+0 -1.0000E+1 3.49316E-2 -4.68382E-2 4.2155E+0 4.2093E+0  4.21  4.21
 4.21 2.3939E-4 9.9996E+0 -1.0000E+1 3.49698E-2 -4.68234E-2 4.2184E+0 4.2121E+0  4.21  4.21
 4.21 2.3937E-4 9.9996E+0 -1.0000E+1 3.49892E-2 -4.67956E-2 4.2226E+0 4.2161E+0  4.21  4.21
 4.21 2.3945E-4 9.9996E+0 -1.0000E+1 3.50559E-2 -4.67556E-2 4.2203E+0 4.2141E+0  4.21  4.21
 4.21 2.3945E-4 9.9996E+0 -1.0000E+1 3.50368E-2 -4.67754E-2 4.2227E+0 4.2165E+0  4.21  4.21
 4.21 2.3939E-4 9.9996E+0 -1.0000E+1 3.50618E-2 -4.67303E-2 4.2264E+0 4.2199E+0  4.21  4.21
 4.09 2.3912E-4 9.9996E+0 -1.0000E+1 3.52844E-2 -4.64140E-2 4.2112E+0 4.1982E+0  4.13  4.06
 3.90 2.3773E-4 9.9996E+0 -1.0000E+1 3.52086E-2 -4.60157E-2 4.1765E+0 4.1666E+0  3.91  3.89
 3.64 2.3058E-4 9.9996E+0 -1.0000E+1 3.49359E-2 -4.38445E-2 4.1111E+0 4.0750E+0  3.76  3.52
 2.87 2.3473E-4 9.9997E+0 -1.0000E+1 3.67791E-2 -4.34204E-2 4.0498E+0 4.0436E+0  2.96  2.78
 2.32 2.3418E-4 9.9997E+0 -1.0000E+1 3.53037E-2 -4.47079E-2 4.0602E+0 4.0551E+0  2.36  2.28
 2.14 2.3366E-4 9.9997E+0 -1.0000E+1 3.44727E-2 -4.53624E-2 4.0692E+0 4.0627E+0  2.15  2.13
 2.03 2.3361E-4 9.9997E+0 -1.0000E+1 3.41134E-2 -4.57036E-2 4.0720E+0 4.0661E+0  2.04  2.01
 1.91 2.3350E-4 9.9997E+0 -1.0000E+1 3.37184E-2 -4.60618E-2 4.0822E+0 4.0762E+0  1.93  1.90
 1.80 2.3336E-4 9.9997E+0 -1.0000E+1 3.34065E-2 -4.63267E-2 4.0897E+0 4.0839E+0  1.81  1.79
 1.71 2.3333E-4 9.9997E+0 -1.0000E+1 3.32159E-2 -4.65066E-2 4.0990E+0 4.0935E+0  1.72  1.70
 1.62 2.3323E-4 9.9997E+0 -1.0000E+1 3.30729E-2 -4.66145E-2 4.1089E+0 4.1031E+0  1.63  1.62
 1.56 2.3319E-4 9.9997E+0 -1.0000E+1 3.29925E-2 -4.66822E-2 4.1168E+0 4.1111E+0  1.56  1.55
 1.56 2.3304E-4 9.9997E+0 -1.0000E+1 3.30505E-2 -4.65727E-2 4.1421E+0 4.1380E+0  1.56  1.57
 1.61 2.3312E-4 9.9997E+0 -1.0000E+1 3.33494E-2 -4.63002E-2 4.1622E+0 4.1573E+0  1.60  1.61
 1.65 2.3312E-4 9.9997E+0 -1.0000E+1 3.36024E-2 -4.60457E-2 4.1786E+0 4.1735E+0  1.65  1.66
 1.70 2.3317E-4 9.9997E+0 -1.0000E+1 3.38117E-2 -4.58537E-2 4.1919E+0 4.1862E+0  1.69  1.70
 1.73 2.3318E-4 9.9997E+0 -1.0000E+1 3.39818E-2 -4.56886E-2 4.2031E+0 4.1973E+0  1.73  1.74
 1.77 2.3321E-4 9.9997E+0 -1.0000E+1 3.40800E-2 -4.55989E-2 4.2140E+0 4.2082E+0  1.76  1.77
 1.80 2.3333E-4 9.9997E+0 -1.0000E+1 3.41954E-2 -4.55254E-2 4.2249E+0 4.2191E+0  1.80  1.80
 1.83 2.3327E-4 9.9997E+0 -1.0000E+1 3.42379E-2 -4.54636E-2 4.2320E+0 4.2262E+0  1.83  1.84
 1.86 2.3329E-4 9.9997E+0 -1.0000E+1 3.43280E-2 -4.53805E-2 4.2408E+0 4.2351E+0  1.86  1.87
 1.89 2.3331E-4 9.9997E+0 -1.0000E+1 3.44694E-2 -4.52455E-2 4.2504E+0 4.2447E+0  1.89  1.89
 1.91 2.3331E-4 9.9997E+0 -1.0000E+1 3.45053E-2 -4.52078E-2 4.2565E+0 4.2507E+0  1.91  1.91
 1.94 2.3330E-4 9.9997E+0 -1.0000E+1 3.46086E-2 -4.51029E-2 4.2665E+0 4.2605E+0  1.93  1.94
 1.96 2.3333E-4 9.9997E+0 -1.0000E+1 3.46767E-2 -4.50464E-2 4.2740E+0 4.2680E+0  1.95  1.96
 1.97 2.3335E-4 9.9997E+0 -1.0000E+1 3.47460E-2 -4.49812E-2 4.2836E+0 4.2774E+0  1.97  1.98
 1.99 2.3331E-4 9.9997E+0 -1.0000E+1 3.48039E-2 -4.49093E-2 4.2903E+0 4.2841E+0  1.99  1.99
 2.01 2.3339E-4 9.9997E+0 -1.0000E+1 3.48855E-2 -4.48565E-2 4.2986E+0 4.2925E+0  2.01  2.01
 2.03 2.3340E-4 9.9997E+0 -1.0000E+1 3.49445E-2 -4.48025E-2 4.3035E+0 4.2974E+0  2.03  2.03
 2.05 2.3334E-4 9.9997E+0 -1.0000E+1 3.49703E-2 -4.47553E-2 4.3047E+0 4.2986E+0  2.04  2.05
 2.06 2.3342E-4 9.9997E+0 -1.0000E+1 3.50380E-2 -4.47133E-2 4.3115E+0 4.3056E+0  2.06  2.06
 2.08 2.3339E-4 9.9997E+0 -1.0000E+1 3.50770E-2 -4.46651E-2 4.3180E+0 4.3117E+0  2.08  2.08
 2.09 2.3342E-4 9.9997E+0 -1.0000E+1 3.51492E-2 -4.46043E-2 4.3230E+0 4.3168E+0  2.09  2.09
 2.10 2.3342E-4 9.9997E+0 -1.0000E+1 3.51596E-2 -4.45939E-2 4.3279E+0 4.3215E+0  2.10  2.11
 2.12 2.3332E-4 9.9997E+0 -1.0000E+1 3.52283E-2 -4.44914E-2 4.3355E+0 4.3294E+0  2.12  2.13
 2.15 2.3348E-4 9.9997E+0 -1.0000E+1 3.53283E-2 -4.44452E-2 4.3421E+0 4.3359E+0  2.15  2.16
 2.39 2.3359E-4 9.9997E+0 -1.0000E+1 3.53769E-2 -4.44345E-2 4.3441E+0 4.3377E+0  2.35  2.43
 2.71 2.3378E-4 9.9997E+0 -1.0000E+1 3.54455E-2 -4.44298E-2 4.3485E+0 4.3424E+0  2.68  2.74
 2.87 2.3384E-4 9.9997E+0 -1.0000E+1 3.54952E-2 -4.44001E-2 4.3532E+0 4.3470E+0  2.86  2.88
 2.94 2.3397E-4 9.9997E+0 -1.0000E+1 3.55796E-2 -4.43611E-2 4.3602E+0 4.3540E+0  2.93  2.95
 3.00 2.3399E-4 9.9997E+0 -1.0000E+1 3.55867E-2 -4.43588E-2 4.3672E+0 4.3608E+0  3.00  3.01
 3.06 2.3409E-4 9.9997E+0 -1.0000E+1 3.56549E-2 -4.43258E-2 4.3740E+0 4.3677E+0  3.05  3.06
 3.11 2.3407E-4 9.9997E+0 -1.0000E+1 3.56988E-2 -4.42744E-2 4.3780E+0 4.3717E+0  3.10  3.11
 3.16 2.3414E-4 9.9997E+0 -1.0000E+1 3.57573E-2 -4.42403E-2 4.3847E+0 4.3784E+0  3.16  3.17
 3.22 2.3417E-4 9.9997E+0 -1.0000E+1 3.58179E-2 -4.41910E-2 4.3827E+0 4.3763E+0  3.21  3.23
 3.29 2.3427E-4 9.9997E+0 -1.0000E+1 3.58478E-2 -4.41961E-2 4.3916E+0 4.3855E+0  3.28  3.30
 3.37 2.3441E-4 9.9997E+0 -1.0000E+1 3.59736E-2 -4.41178E-2 4.3966E+0 4.3903E+0  3.36  3.38
 3.49 2.3456E-4 9.9997E+0 -9.9999E+0 3.59979E-2 -4.41438E-2 4.4020E+0 4.3957E+0  3.47  3.50
 3.61 2.3478E-4 9.9997E+0 -1.0000E+1 3.60840E-2 -4.41336E-2 4.4070E+0 4.4005E+0  3.60  3.62
 3.73 2.3517E-4 9.9997E+0 -1.0000E+1 3.62319E-2 -4.41188E-2 4.4029E+0 4.3970E+0  3.72  3.75
 3.85 2.3623E-4 9.9997E+0 -9.9999E+0 3.64383E-2 -4.42745E-2 4.4113E+0 4.4051E+0  3.84  3.86
 3.95 2.3800E-4 9.9997E+0 -9.9999E+0 3.67480E-2 -4.45703E-2 4.4106E+0 4.4044E+0  3.94  3.96
 4.05 2.3888E-4 9.9997E+0 -9.9999E+0 3.69041E-2 -4.47131E-2 4.4184E+0 4.4121E+0  4.04  4.06
 4.14 2.3899E-4 9.9997E+0 -9.9999E+0 3.69830E-2 -4.46717E-2 4.4225E+0 4.4160E+0  4.13  4.14
 4.21 2.3909E-4 9.9997E+0 -9.9999E+0 3.70513E-2 -4.46391E-2 4.4284E+0 4.4215E+0  4.21  4.21
 4.21 2.3921E-4 9.9997E+0 -9.9999E+0 3.70879E-2 -4.46434E-2 4.4293E+0 4.4221E+0  4.21  4.21
 4.24 2.3913E-4 9.9997E+0 -9.9999E+0 3.70690E-2 -4.46343E-2 4.4289E+0 4.4221E+0  4.23  4.25
 4.32 2.3916E-4 9.9997E+0 -9.9999E+0 3.70810E-2 -4.46336E-2 4.4309E+0 4.4238E+0  4.31  4.33
 4.38 2.3930E-4 9.9997E+0 -9.9999E+0 3.70562E-2 -4.47050E-2 4.4263E+0 4.4185E+0  4.38  4.38
 4.40 2.3929E-4 9.9997E+0 -9.9999E+0 3.70439E-2 -4.47133E-2 4.4140E+0 4.4049E+0  4.39  4.40
 5.61 2.4061E-4 9.9997E+0 -9.9999E+0 3.71354E-2 -4.50725E-2 4.3916E+0 4.3813E+0  5.51  5.72
 5.50 2.4118E-4 9.9997E+0 -9.9999E+0 3.89619E-2 -4.34409E-2 4.3550E+0 4.3483E+0  5.56  5.44
 5.08 2.4045E-4 9.9997E+0 -9.9999E+0 3.61722E-2 -4.59822E-2 4.3585E+0 4.3501E+0  5.17  4.98
 4.98 2.4030E-4 9.9998E+0 -9.9999E+0 3.58449E-2 -4.62579E-2 4.3527E+0 4.3447E+0  4.87  5.09
 5.26 2.4039E-4 9.9998E+0 -9.9999E+0 3.56615E-2 -4.64726E-2 4.3481E+0 4.3406E+0  5.26  5.27
 5.32 2.4051E-4 9.9997E+0 -9.9999E+0 3.56221E-2 -4.65518E-2 4.3360E+0 4.3286E+0  5.31  5.32
 5.40 2.4054E-4 9.9998E+0 -9.9999E+0 3.56243E-2 -4.65592E-2 4.3373E+0 4.3297E+0  5.38  5.41
 5.51 2.4052E-4 9.9998E+0 -9.9999E+0 3.56683E-2 -4.65111E-2 4.3343E+0 4.3270E+0  5.50  5.51
 5.64 2.4079E-4 9.9998E+0 -9.9999E+0 3.56743E-2 -4.65977E-2 4.3326E+0 4.3254E+0  5.63  5.65
 5.73 2.4084E-4 9.9998E+0 -9.9999E+0 3.56469E-2 -4.66405E-2 4.3311E+0 4.3240E+0  5.73  5.74
 5.82 2.4096E-4 9.9998E+0 -9.9999E+0 3.56369E-2 -4.66901E-2 4.3299E+0 4.3228E+0  5.81  5.84
 5.92 2.4100E-4 9.9998E+0 -9.9999E+0 3.56587E-2 -4.66844E-2 4.3168E+0 4.3098E+0  5.90  5.93
 6.02 2.4114E-4 9.9998E+0 -9.9999E+0 3.57510E-2 -4.66387E-2 4.3206E+0 4.3135E+0  6.01  6.03
 6.12 2.4130E-4 9.9998E+0 -9.9999E+0 3.57432E-2 -4.67027E-2 4.3126E+0 4.3058E+0  6.11  6.13
 6.23 2.4143E-4 9.9998E+0 -9.9999E+0 3.57504E-2 -4.67395E-2 4.3109E+0 4.3037E+0  6.22  6.24
 6.31 2.4150E-4 9.9998E+0 -9.9999E+0 3.57201E-2 -4.67922E-2 4.3102E+0 4.3030E+0  6.31  6.31
 6.42 2.4164E-4 9.9998E+0 -9.9999E+0 3.57456E-2 -4.68162E-2 4.3118E+0 4.3048E+0  6.41  6.44
 6.53 2.4174E-4 9.9998E+0 -9.9999E+0 3.57554E-2 -4.68380E-2 4.3114E+0 4.3047E+0  6.52  6.53
 6.61 2.4183E-4 9.9998E+0 -9.9999E+0 3.57951E-2 -4.68307E-2 4.3064E+0 4.2996E+0  6.60  6.63
 6.71 2.4191E-4 9.9998E+0 -9.9999E+0 3.58284E-2 -4.68254E-2 4.3065E+0 4.2994E+0  6.71  6.72
 6.82 2.4206E-4 9.9998E+0 -9.9999E+0 3.58493E-2 -4.68542E-2 4.3063E+0 4.2995E+0  6.81  6.83
 6.92 2.4210E-4 9.9998E+0 -9.9999E+0 3.58308E-2 -4.68880E-2 4.3071E+0 4.3001E+0  6.90  6.93
 7.02 2.4229E-4 9.9998E+0 -9.9999E+0 3.58999E-2 -4.68820E-2 4.3093E+0 4.3026E+0  7.00  7.04
 7.12 2.4236E-4 9.9998E+0 -9.9999E+0 3.58825E-2 -4.69258E-2 4.3105E+0 4.3035E+0  7.10  7.14
 7.22 2.4249E-4 9.9998E+0 -9.9999E+0 3.58904E-2 -4.69599E-2 4.3062E+0 4.2995E+0  7.20  7.23
 7.32 2.4259E-4 9.9998E+0 -9.9999E+0 3.59054E-2 -4.69808E-2 4.3116E+0 4.3048E+0  7.31  7.34
 7.42 2.4271E-4 9.9998E+0 -9.9999E+0 3.59414E-2 -4.69847E-2 4.3119E+0 4.3050E+0  7.40  7.44
 7.52 2.4282E-4 9.9998E+0 -9.9999E+0 3.59478E-2 -4.70147E-2 4.3138E+0 4.3070E+0  7.51  7.54
 7.62 2.4287E-4 9.9998E+0 -9.9999E+0 3.59161E-2 -4.70657E-2 4.3160E+0 4.3091E+0  7.60  7.64
 7.73 2.4291E-4 9.9998E+0 -9.9999E+0 3.59514E-2 -4.70436E-2 4.3171E+0 4.3102E+0  7.72  7.73
 7.82 2.4305E-4 9.9998E+0 -9.9999E+0 3.59825E-2 -4.70590E-2 4.3191E+0 4.3120E+0  7.82  7.83
 7.92 2.4315E-4 9.9998E+0 -9.9999E+0 3.60110E-2 -4.70660E-2 4.3104E+0 4.3034E+0  7.91  7.94
 8.02 2.4321E-4 9.9998E+0 -9.9999E+0 3.60330E-2 -4.70653E-2 4.3169E+0 4.3101E+0  8.02  8.02
 8.12 2.4327E-4 9.9998E+0 -9.9999E+0 3.60530E-2 -4.70661E-2 4.3198E+0 4.3131E+0  8.12  8.13
 8.23 2.4341E-4 9.9998E+0 -9.9999E+0 3.60830E-2 -4.70833E-2 4.3218E+0 4.3149E+0  8.22  8.23
 8.32 2.4353E-4 9.9998E+0 -9.9999E+0 3.61105E-2 -4.70944E-2 4.3147E+0 4.3080E+0  8.32  8.33
 8.42 2.4359E-4 9.9998E+0 -9.9999E+0 3.61324E-2 -4.70962E-2 4.3215E+0 4.3149E+0  8.42  8.42
 8.52 2.4367E-4 9.9998E+0 -9.9999E+0 3.61436E-2 -4.71114E-2 4.3175E+0 4.3107E+0  8.52  8.52
 8.62 2.4374E-4 9.9998E+0 -9.9999E+0 3.61704E-2 -4.71082E-2 4.3188E+0 4.3122E+0  8.62  8.63
 8.72 2.4385E-4 9.9998E+0 -9.9999E+0 3.62144E-2 -4.71009E-2 4.3240E+0 4.3173E+0  8.72  8.72
 8.82 2.4392E-4 9.9998E+0 -9.9999E+0 3.62333E-2 -4.71066E-2 4.3264E+0 4.3196E+0  8.82  8.83
 8.92 2.4403E-4 9.9998E+0 -9.9999E+0 3.62603E-2 -4.71154E-2 4.3286E+0 4.3220E+0  8.92  8.93
 9.02 2.4410E-4 9.9998E+0 -9.9999E+0 3.62847E-2 -4.71170E-2 4.3315E+0 4.3248E+0  9.02  9.02
 9.12 2.4418E-4 9.9998E+0 -9.9999E+0 3.62945E-2 -4.71329E-2 4.3256E+0 4.3189E+0  9.12  9.12
 9.22 2.4418E-4 9.9998E+0 -9.9999E+0 3.63137E-2 -4.71148E-2 4.3273E+0 4.3205E+0  9.22  9.22
 9.32 2.4432E-4 9.9998E+0 -9.9999E+0 3.63332E-2 -4.71422E-2 4.3290E+0 4.3224E+0  9.32  9.32
 9.42 2.4438E-4 9.9998E+0 -9.9999E+0 3.63648E-2 -4.71324E-2 4.3309E+0 4.3241E+0  9.42  9.43
 9.52 2.4447E-4 9.9998E+0 -9.9999E+0 3.64099E-2 -4.71182E-2 4.3346E+0 4.3280E+0  9.52  9.52
 9.62 2.4448E-4 9.9998E+0 -9.9999E+0 3.64233E-2 -4.71061E-2 4.3331E+0 4.3264E+0  9.62  9.62
 9.72 2.4455E-4 9.9998E+0 -9.9999E+0 3.64522E-2 -4.71028E-2 4.3382E+0 4.3316E+0  9.72  9.73
 9.82 2.4461E-4 9.9998E+0 -9.9999E+0 3.64745E-2 -4.71000E-2 4.3401E+0 4.3335E+0  9.82  9.83
 9.92 2.4466E-4 9.9998E+0 -9.9999E+0 3.64802E-2 -4.71110E-2 4.3431E+0 4.3366E+0  9.92  9.93
10.02 2.4474E-4 9.9998E+0 -9.9999E+0 3.65150E-2 -4.71054E-2 4.3465E+0 4.3399E+0 10.02 10.03
10.01 2.4483E-4 9.9998E+0 -9.9999E+0 3.65391E-2 -4.71108E-2 4.3490E+0 4.3420E+0 10.01 10.00
10.24 2.4489E-4 9.9998E+0 -9.9999E+0 3.65621E-2 -4.71091E-2 4.3522E+0 4.3451E+0 10.22 10.26
10.45 2.4496E-4 9.9998E+0 -9.9999E+0 3.65967E-2 -4.70971E-2 4.3536E+0 4.3469E+0 10.43 10.47
10.64 2.4511E-4 9.9998E+0 -9.9999E+0 3.66270E-2 -4.71183E-2 4.3453E+0 4.3383E+0 10.62 10.65
10.84 2.4518E-4 9.9998E+0 -9.9999E+0 3.66595E-2 -4.71110E-2 4.3511E+0 4.3440E+0 10.82 10.85
11.04 2.4521E-4 9.9998E+0 -9.9999E+0 3.66734E-2 -4.71081E-2 4.3534E+0 4.3463E+0 11.03 11.05
11.24 2.4530E-4 9.9998E+0 -9.9999E+0 3.66906E-2 -4.71197E-2 4.3562E+0 4.3494E+0 11.23 11.25
11.44 2.4538E-4 9.9998E+0 -9.9999E+0 3.67028E-2 -4.71342E-2 4.3581E+0 4.3512E+0 11.43 11.45
11.64 2.4537E-4 9.9998E+0 -9.9999E+0 3.67174E-2 -4.71175E-2 4.3603E+0 4.3530E+0 11.63 11.65
11.84 2.4549E-4 9.9998E+0 -9.9999E+0 3.67401E-2 -4.71372E-2 4.3515E+0 4.3443E+0 11.83 11.85
12.04 2.4556E-4 9.9998E+0 -9.9999E+0 3.67814E-2 -4.71178E-2 4.3569E+0 4.3499E+0 12.03 12.05
12.24 2.4558E-4 9.9998E+0 -9.9999E+0 3.67889E-2 -4.71196E-2 4.3597E+0 4.3524E+0 12.23 12.25
12.44 2.4561E-4 9.9998E+0 -9.9999E+0 3.67868E-2 -4.71294E-2 4.3629E+0 4.3554E+0 12.43 12.45
12.64 2.4559E-4 9.9998E+0 -9.9999E+0 3.67974E-2 -4.71119E-2 4.3546E+0 4.3479E+0 12.63 12.65
12.84 2.4561E-4 9.9998E+0 -9.9999E+0 3.68039E-2 -4.71145E-2 4.3617E+0 4.3544E+0 12.83 12.85
13.04 2.4566E-4 9.9998E+0 -9.9999E+0 3.68419E-2 -4.70918E-2 4.3641E+0 4.3569E+0 13.03 13.05
13.24 2.4562E-4 9.9998E+0 -9.9999E+0 3.68626E-2 -4.70596E-2 4.3574E+0 4.3502E+0 13.23 13.25
13.44 2.4564E-4 9.9998E+0 -9.9999E+0 3.68405E-2 -4.70868E-2 4.3624E+0 4.3552E+0 13.44 13.45
13.64 2.4564E-4 9.9998E+0 -9.9999E+0 3.68497E-2 -4.70783E-2 4.3639E+0 4.3565E+0 13.63 13.65
13.84 2.4560E-4 9.9998E+0 -9.9999E+0 3.68349E-2 -4.70790E-2 4.3654E+0 4.3584E+0 13.83 13.85
14.04 2.4558E-4 9.9998E+0 -9.9999E+0 3.68557E-2 -4.70519E-2 4.3597E+0 4.3527E+0 14.03 14.05
14.24 2.4552E-4 9.9998E+0 -9.9999E+0 3.68560E-2 -4.70320E-2 4.3653E+0 4.3579E+0 14.23 14.25
14.44 2.4558E-4 9.9998E+0 -9.9999E+0 3.68991E-2 -4.70094E-2 4.3619E+0 4.3545E+0 14.43 14.45
14.64 2.4557E-4 9.9998E+0 -9.9999E+0 3.69045E-2 -4.70005E-2 4.3622E+0 4.3549E+0 14.64 14.65
14.84 2.4545E-4 9.9998E+0 -9.9999E+0 3.68769E-2 -4.69840E-2 4.3663E+0 4.3594E+0 14.84 14.85
15.04 2.4549E-4 9.9998E+0 -9.9999E+0 3.68998E-2 -4.69747E-2 4.3675E+0 4.3609E+0 15.04 15.05
15.24 2.4546E-4 9.9998E+0 -9.9999E+0 3.69070E-2 -4.69583E-2 4.3641E+0 4.3572E+0 15.24 15.25
15.44 2.4543E-4 9.9998E+0 -9.9998E+0 3.69002E-2 -4.69544E-2 4.3646E+0 4.3578E+0 15.44 15.45
15.64 2.4538E-4 9.9998E+0 -9.9999E+0 3.69041E-2 -4.69354E-2 4.3688E+0 4.3616E+0 15.64 15.65
15.84 2.4528E-4 9.9998E+0 -9.9999E+0 3.69001E-2 -4.69035E-2 4.3663E+0 4.3592E+0 15.84 15.85
16.04 2.4531E-4 9.9998E+0 -9.9999E+0 3.69380E-2 -4.68752E-2 4.3711E+0 4.3639E+0 16.04 16.05
16.25 2.4522E-4 9.9998E+0 -9.9998E+0 3.69125E-2 -4.68699E-2 4.3720E+0 4.3647E+0 16.24 16.25
16.44 2.4518E-4 9.9998E+0 -9.9998E+0 3.69151E-2 -4.68544E-2 4.3751E+0 4.3679E+0 16.44 16.45
16.65 2.4514E-4 9.9998E+0 -9.9999E+0 3.69159E-2 -4.68417E-2 4.3685E+0 4.3613E+0 16.64 16.65
16.85 2.4509E-4 9.9998E+0 -9.9999E+0 3.68996E-2 -4.68409E-2 4.3682E+0 4.3608E+0 16.84 16.85
17.05 2.4507E-4 9.9998E+0 -9.9999E+0 3.69080E-2 -4.68250E-2 4.3714E+0 4.3642E+0 17.04 17.05
17.25 2.4488E-4 9.9998E+0 -9.9999E+0 3.68621E-2 -4.68063E-2 4.3683E+0 4.3611E+0 17.24 17.25
17.45 2.4491E-4 9.9998E+0 -9.9998E+0 3.68897E-2 -4.67893E-2 4.3719E+0 4.3645E+0 17.44 17.45
17.65 2.4488E-4 9.9998E+0 -9.9998E+0 3.68879E-2 -4.67787E-2 4.3747E+0 4.3672E+0 17.64 17.66
17.85 2.4484E-4 9.9998E+0 -9.9998E+0 3.68815E-2 -4.67729E-2 4.3752E+0 4.3679E+0 17.84 17.86
18.05 2.4472E-4 9.9998E+0 -9.9999E+0 3.68770E-2 -4.67377E-2 4.3692E+0 4.3618E+0 18.04 18.06
18.25 2.4472E-4 9.9998E+0 -9.9998E+0 3.68715E-2 -4.67420E-2 4.3729E+0 4.3655E+0 18.25 18.26
18.45 2.4458E-4 9.9998E+0 -9.9999E+0 3.68649E-2 -4.66992E-2 4.3751E+0 4.3675E+0 18.44 18.46
18.65 2.4459E-4 9.9998E+0 -9.9998E+0 3.69056E-2 -4.66642E-2 4.3766E+0 4.3691E+0 18.64 18.66
18.85 2.4452E-4 9.9998E+0 -9.9999E+0 3.68656E-2 -4.66781E-2 4.3788E+0 4.3714E+0 18.84 18.86
19.05 2.4443E-4 9.9998E+0 -9.9999E+0 3.68465E-2 -4.66671E-2 4.3815E+0 4.3745E+0 19.04 19.06
19.25 2.4433E-4 9.9998E+0 -9.9998E+0 3.68952E-2 -4.65853E-2 4.3731E+0 4.3664E+0 19.24 19.26
19.45 2.4435E-4 9.9998E+0 -9.9998E+0 3.68909E-2 -4.65947E-2 4.3743E+0 4.3671E+0 19.44 19.46
19.65 2.4431E-4 9.9998E+0 -9.9998E+0 3.68995E-2 -4.65729E-2 4.3780E+0 4.3708E+0 19.64 19.66
19.85 2.4428E-4 9.9998E+0 -9.9999E+0 3.69058E-2 -4.65563E-2 4.3796E+0 4.3725E+0 19.84 19.86
20.05 2.4419E-4 9.9998E+0 -9.9998E+0 3.69001E-2 -4.65320E-2 4.3770E+0 4.3698E+0 20.04 20.06
20.25 2.4418E-4 9.9998E+0 -9.9998E+0 3.69399E-2 -4.64891E-2 4.3810E+0 4.3736E+0 20.24 20.26
20.45 2.4415E-4 9.9999E+0 -9.9998E+0 3.69437E-2 -4.64751E-2 4.3824E+0 4.3751E+0 20.44 20.47
20.65 2.4411E-4 9.9998E+0 -9.9998E+0 3.69358E-2 -4.64683E-2 4.3837E+0 4.3763E+0 20.64 20.67
20.85 2.4403E-4 9.9999E+0 -9.9998E+0 3.69100E-2 -4.64669E-2 4.3799E+0 4.3727E+0 20.84 20.87
21.06 2.4400E-4 9.9998E+0 -9.9998E+0 3.69566E-2 -4.64116E-2 4.3814E+0 4.3743E+0 21.04 21.07
21.26 2.4398E-4 9.9998E+0 -9.9998E+0 3.69303E-2 -4.64305E-2 4.3818E+0 4.3744E+0 21.24 21.27
21.46 2.4387E-4 9.9998E+0 -9.9998E+0 3.69480E-2 -4.63729E-2 4.3841E+0 4.3767E+0 21.44 21.47
21.66 2.4388E-4 9.9999E+0 -9.9998E+0 3.69675E-2 -4.63589E-2 4.3851E+0 4.3777E+0 21.64 21.67
21.86 2.4385E-4 9.9998E+0 -9.9998E+0 3.69457E-2 -4.63712E-2 4.3865E+0 4.3792E+0 21.84 21.87
22.06 2.4380E-4 9.9999E+0 -9.9998E+0 3.69390E-2 -4.63608E-2 4.3867E+0 4.3795E+0 22.04 22.07
22.25 2.4375E-4 9.9998E+0 -9.9998E+0 3.69224E-2 -4.63588E-2 4.3871E+0 4.3798E+0 22.24 22.27
22.45 2.4379E-4 9.9999E+0 -9.9998E+0 3.69211E-2 -4.63730E-2 4.3860E+0 4.3787E+0 22.44 22.47
22.62 2.4381E-4 9.9998E+0 -9.9998E+0 3.69421E-2 -4.63602E-2 4.3889E+0 4.3817E+0 22.59 22.65
22.87 2.4379E-4 9.9999E+0 -9.9998E+0 3.69853E-2 -4.63090E-2 4.3884E+0 4.3814E+0 22.85 22.88
23.02 2.4382E-4 9.9999E+0 -9.9998E+0 3.69848E-2 -4.63224E-2 4.3891E+0 4.3822E+0 22.99 23.05
23.27 2.4375E-4 9.9999E+0 -9.9998E+0 3.69543E-2 -4.63264E-2 4.3902E+0 4.3828E+0 23.25 23.28
23.41 2.4378E-4 9.9999E+0 -9.9998E+0 3.69668E-2 -4.63249E-2 4.3922E+0 4.3850E+0 23.38 23.45
23.63 2.4370E-4 9.9999E+0 -9.9998E+0 3.69639E-2 -4.63023E-2 4.3908E+0 4.3836E+0 23.60 23.66
23.83 2.4365E-4 9.9999E+0 -9.9998E+0 3.69558E-2 -4.62923E-2 4.3926E+0 4.3854E+0 23.80 23.86
24.03 2.4367E-4 9.9999E+0 -9.9998E+0 3.69618E-2 -4.62908E-2 4.3947E+0 4.3875E+0 24.00 24.07
24.23 2.4372E-4 9.9999E+0 -9.9998E+0 3.69991E-2 -4.62728E-2 4.3950E+0 4.3876E+0 24.20 24.26
24.43 2.4369E-4 9.9999E+0 -9.9998E+0 3.69886E-2 -4.62724E-2 4.3965E+0 4.3888E+0 24.40 24.46
24.63 2.4374E-4 9.9999E+0 -9.9998E+0 3.70196E-2 -4.62590E-2 4.3939E+0 4.3867E+0 24.60 24.66
24.83 2.4380E-4 9.9998E+0 -9.9998E+0 3.70463E-2 -4.62510E-2 4.3981E+0 4.3908E+0 24.79 24.86
25.03 2.4376E-4 9.9999E+0 -9.9998E+0 3.70582E-2 -4.62280E-2 4.4002E+0 4.3929E+0 25.00 25.06
25.22 2.4375E-4 9.9998E+0 -9.9998E+0 3.70257E-2 -4.62552E-2 4.3983E+0 4.3911E+0 25.19 25.25
25.43 2.4377E-4 9.9999E+0 -9.9998E+0 3.70454E-2 -4.62418E-2 4.4005E+0 4.3934E+0 25.39 25.46
25.62 2.4377E-4 9.9999E+0 -9.9998E+0 3.70575E-2 -4.62326E-2 4.3977E+0 4.3907E+0 25.59 25.66
25.83 2.4382E-4 9.9999E+0 -9.9998E+0 3.70591E-2 -4.62461E-2 4.3988E+0 4.3912E+0 25.80 25.86
26.02 2.4392E-4 9.9999E+0 -9.9998E+0 3.70879E-2 -4.62515E-2 4.4006E+0 4.3930E+0 25.99 26.05
26.22 2.4392E-4 9.9999E+0 -9.9998E+0 3.71163E-2 -4.62224E-2 4.3993E+0 4.3918E+0 26.19 26.25
26.43 2.4387E-4 9.9999E+0 -9.9998E+0 3.70940E-2 -4.62288E-2 4.4009E+0 4.3933E+0 26.40 26.46
26.62 2.4394E-4 9.9999E+0 -9.9998E+0 3.71136E-2 -4.62318E-2 4.4020E+0 4.3947E+0 26.59 26.65
26.82 2.4397E-4 9.9999E+0 -9.9998E+0 3.71131E-2 -4.62426E-2 4.4011E+0 4.3936E+0 26.79 26.85
27.02 2.4400E-4 9.9999E+0 -9.9998E+0 3.71124E-2 -4.62537E-2 4.4023E+0 4.3947E+0 26.99 27.05
27.22 2.4409E-4 9.9999E+0 -9.9998E+0 3.71489E-2 -4.62494E-2 4.4055E+0 4.3981E+0 27.19 27.25
27.42 2.4410E-4 9.9999E+0 -9.9998E+0 3.71702E-2 -4.62319E-2 4.4067E+0 4.3991E+0 27.39 27.46
27.62 2.4418E-4 9.9999E+0 -9.9998E+0 3.71942E-2 -4.62348E-2 4.4069E+0 4.3991E+0 27.59 27.65
27.82 2.4419E-4 9.9999E+0 -9.9998E+0 3.71747E-2 -4.62564E-2 4.4088E+0 4.4010E+0 27.79 27.85
28.02 2.4424E-4 9.9999E+0 -9.9998E+0 3.72095E-2 -4.62387E-2 4.4097E+0 4.4019E+0 27.99 28.05
28.22 2.4515E-4 9.9999E+0 -9.9998E+0 3.75132E-2 -4.62454E-2 4.4094E+0 4.4017E+0 28.19 28.25
28.42 2.4440E-4 9.9999E+0 -9.9998E+0 3.72524E-2 -4.62522E-2 4.4104E+0 4.4027E+0 28.39 28.45
28.62 2.4451E-4 9.9999E+0 -9.9998E+0 3.72673E-2 -4.62729E-2 4.4098E+0 4.4023E+0 28.59 28.65
28.82 2.4460E-4 9.9999E+0 -9.9998E+0 3.72756E-2 -4.62961E-2 4.4095E+0 4.4017E+0 28.79 28.85
29.02 2.4459E-4 9.9999E+0 -9.9998E+0 3.72850E-2 -4.62837E-2 4.4125E+0 4.4049E+0 28.99 29.05
29.22 2.4465E-4 9.9999E+0 -9.9998E+0 3.73261E-2 -4.62625E-2 4.4144E+0 4.4068E+0 29.19 29.25
29.42 2.4472E-4 9.9999E+0 -9.9998E+0 3.73427E-2 -4.62698E-2 4.4131E+0 4.4053E+0 29.39 29.45
29.62 2.4483E-4 9.9999E+0 -9.9998E+0 3.73569E-2 -4.62940E-2 4.4112E+0 4.4034E+0 29.59 29.65
29.82 2.4497E-4 9.9999E+0 -9.9998E+0 3.74018E-2 -4.62970E-2 4.4128E+0 4.4051E+0 29.79 29.85
30.02 2.4502E-4 9.9999E+0 -9.9998E+0 3.73986E-2 -4.63167E-2 4.4129E+0 4.4053E+0 29.99 30.05
30.22 2.4515E-4 9.9999E+0 -9.9998E+0 3.74485E-2 -4.63101E-2 4.4122E+0 4.4046E+0 30.19 30.25
30.42 2.4520E-4 9.9999E+0 -9.9998E+0 3.74668E-2 -4.63093E-2 4.4132E+0 4.4055E+0 30.39 30.45
30.62 2.4526E-4 9.9999E+0 -9.9998E+0 3.74631E-2 -4.63355E-2 4.4142E+0 4.4066E+0 30.59 30.65
30.82 2.4541E-4 9.9999E+0 -9.9998E+0 3.75297E-2 -4.63184E-2 4.4148E+0 4.4072E+0 30.79 30.85
31.02 2.4551E-4 9.9999E+0 -9.9998E+0 3.75001E-2 -4.63826E-2 4.4117E+0 4.4041E+0 30.99 31.05
31.22 2.4559E-4 9.9999E+0 -9.9998E+0 3.75727E-2 -4.63382E-2 4.4121E+0 4.4047E+0 31.19 31.25
31.42 2.4573E-4 9.9999E+0 -9.9998E+0 3.75912E-2 -4.63667E-2 4.4114E+0 4.4039E+0 31.39 31.45
31.62 2.4579E-4 9.9999E+0 -9.9998E+0 3.76422E-2 -4.63379E-2 4.4117E+0 4.4045E+0 31.59 31.65
31.82 2.4603E-4 9.9999E+0 -9.9998E+0 3.77013E-2 -4.63604E-2 4.4137E+0 4.4064E+0 31.79 31.85
32.02 2.4607E-4 9.9999E+0 -9.9998E+0 3.76380E-2 -4.64364E-2 4.4138E+0 4.4064E+0 31.99 32.05
32.22 2.4615E-4 9.9999E+0 -9.9998E+0 3.76475E-2 -4.64551E-2 4.4145E+0 4.4073E+0 32.19 32.24
32.42 2.4631E-4 9.9999E+0 -9.9998E+0 3.76945E-2 -4.64604E-2 4.4136E+0 4.4066E+0 32.39 32.45
32.62 2.4646E-4 9.9999E+0 -9.9998E+0 3.77257E-2 -4.64805E-2 4.4139E+0 4.4064E+0 32.59 32.65
32.82 2.4658E-4 9.9999E+0 -9.9998E+0 3.77847E-2 -4.64628E-2 4.4151E+0 4.4073E+0 32.78 32.85
33.02 2.4659E-4 9.9999E+0 -9.9998E+0 3.77430E-2 -4.65104E-2 4.4159E+0 4.4083E+0 32.99 33.05
33.22 2.4586E-4 9.9999E+0 -9.9998E+0 3.74875E-2 -4.65141E-2 4.4167E+0 4.4093E+0 33.20 33.25
33.42 2.4688E-4 9.9999E+0 -9.9998E+0 3.78239E-2 -4.65281E-2 4.4174E+0 4.4099E+0 33.40 33.45
33.62 2.4708E-4 9.9999E+0 -9.9998E+0 3.78951E-2 -4.65233E-2 4.4187E+0 4.4110E+0 33.59 33.65
33.82 2.4722E-4 9.9999E+0 -9.9998E+0 3.79416E-2 -4.65269E-2 4.4203E+0 4.4127E+0 33.79 33.85
34.02 2.4736E-4 9.9999E+0 -9.9998E+0 3.79618E-2 -4.65530E-2 4.4191E+0 4.4116E+0 33.99 34.05
34.22 2.4754E-4 9.9999E+0 -9.9998E+0 3.79857E-2 -4.65893E-2 4.4201E+0 4.4126E+0 34.19 34.24
34.42 2.4761E-4 9.9999E+0 -9.9998E+0 3.79701E-2 -4.66313E-2 4.4215E+0 4.4140E+0 34.39 34.45
34.62 2.4775E-4 9.9999E+0 -9.9998E+0 3.80295E-2 -4.66185E-2 4.4228E+0 4.4153E+0 34.59 34.65
34.82 2.4797E-4 9.9999E+0 -9.9998E+0 3.80488E-2 -4.66735E-2 4.4226E+0 4.4152E+0 34.80 34.85
35.02 2.4805E-4 9.9999E+0 -9.9998E+0 3.80647E-2 -4.66852E-2 4.4242E+0 4.4167E+0 34.99 35.05
35.22 2.4823E-4 9.9999E+0 -9.9998E+0 3.81207E-2 -4.66920E-2 4.4255E+0 4.4181E+0 35.19 35.24
35.42 2.4844E-4 9.9999E+0 -9.9998E+0 3.81344E-2 -4.67511E-2 4.4271E+0 4.4197E+0 35.40 35.45
35.63 2.4838E-4 9.9999E+0 -9.9998E+0 3.81021E-2 -4.67615E-2 4.4288E+0 4.4214E+0 35.60 35.65
35.83 2.4867E-4 9.9999E+0 -9.9998E+0 3.82031E-2 -4.67589E-2 4.4323E+0 4.4250E+0 35.80 35.85
36.02 2.4889E-4 9.9999E+0 -9.9998E+0 3.82769E-2 -4.67604E-2 4.4359E+0 4.4283E+0 35.99 36.04
36.22 2.4904E-4 9.9999E+0 -9.9998E+0 3.82840E-2 -4.68043E-2 4.4307E+0 4.4232E+0 36.19 36.25
36.42 2.4924E-4 9.9999E+0 -9.9998E+0 3.83451E-2 -4.68126E-2 4.4333E+0 4.4260E+0 36.40 36.44
36.62 2.4932E-4 9.9999E+0 -9.9998E+0 3.83566E-2 -4.68297E-2 4.4341E+0 4.4266E+0 36.60 36.65
36.83 2.4951E-4 9.9999E+0 -9.9998E+0 3.84081E-2 -4.68410E-2 4.4375E+0 4.4297E+0 36.79 36.86
37.03 2.4969E-4 9.9999E+0 -9.9998E+0 3.84546E-2 -4.68581E-2 4.4415E+0 4.4337E+0 37.00 37.07
37.24 2.4988E-4 9.9999E+0 -9.9998E+0 3.85146E-2 -4.68616E-2 4.4440E+0 4.4363E+0 37.21 37.28
37.44 2.5010E-4 9.9999E+0 -9.9998E+0 3.85575E-2 -4.68942E-2 4.4480E+0 4.4404E+0 37.41 37.47
37.63 2.5021E-4 9.9999E+0 -9.9998E+0 3.85920E-2 -4.68970E-2 4.4508E+0 4.4435E+0 37.61 37.66
37.83 2.5040E-4 9.9999E+0 -9.9998E+0 3.85965E-2 -4.69584E-2 4.4522E+0 4.4445E+0 37.80 37.85
38.03 2.5058E-4 9.9999E+0 -9.9998E+0 3.86548E-2 -4.69591E-2 4.4547E+0 4.4471E+0 38.00 38.06
38.23 2.5078E-4 9.9999E+0 -9.9998E+0 3.87048E-2 -4.69794E-2 4.4464E+0 4.4390E+0 38.21 38.26
38.42 2.5099E-4 9.9999E+0 -9.9998E+0 3.87663E-2 -4.69891E-2 4.4468E+0 4.4398E+0 38.40 38.45
38.62 2.5118E-4 9.9999E+0 -9.9998E+0 3.88150E-2 -4.70038E-2 4.4486E+0 4.4411E+0 38.60 38.65
38.82 2.5139E-4 9.9999E+0 -9.9998E+0 3.88500E-2 -4.70414E-2 4.4509E+0 4.4433E+0 38.80 38.85
39.02 2.5154E-4 9.9999E+0 -9.9998E+0 3.89045E-2 -4.70395E-2 4.4516E+0 4.4444E+0 38.99 39.06
39.23 2.5171E-4 9.9999E+0 -9.9998E+0 3.89406E-2 -4.70604E-2 4.4544E+0 4.4471E+0 39.20 39.26
39.42 2.5195E-4 9.9999E+0 -9.9998E+0 3.89926E-2 -4.70913E-2 4.4564E+0 4.4487E+0 39.39 39.45
39.62 2.5210E-4 9.9999E+0 -9.9998E+0 3.90522E-2 -4.70837E-2 4.4600E+0 4.4523E+0 39.59 39.65
39.82 2.5232E-4 9.9999E+0 -9.9998E+0 3.90759E-2 -4.71355E-2 4.4591E+0 4.4513E+0 39.80 39.85
40.02 2.5250E-4 9.9999E+0 -9.9998E+0 3.91306E-2 -4.71396E-2 4.4634E+0 4.4559E+0 39.99 40.05
40.22 2.5274E-4 9.9999E+0 -9.9998E+0 3.92004E-2 -4.71513E-2 4.4680E+0 4.4602E+0 40.20 40.25
40.42 2.5291E-4 9.9999E+0 -9.9998E+0 3.92403E-2 -4.71700E-2 4.4696E+0 4.4617E+0 40.39 40.44
40.63 2.5310E-4 9.9999E+0 -9.9998E+0 3.93140E-2 -4.71637E-2 4.4728E+0 4.4649E+0 40.60 40.66
40.82 2.5334E-4 9.9999E+0 -9.9998E+0 3.93590E-2 -4.71980E-2 4.4755E+0 4.4673E+0 40.79 40.85
41.01 2.5355E-4 9.9999E+0 -9.9998E+0 3.94292E-2 -4.72015E-2 4.4781E+0 4.4701E+0 40.99 41.04
41.22 2.5370E-4 9.9999E+0 -9.9998E+0 3.94675E-2 -4.72121E-2 4.4795E+0 4.4715E+0 41.19 41.24
41.42 2.5397E-4 9.9999E+0 -9.9998E+0 3.95259E-2 -4.72461E-2 4.4815E+0 4.4735E+0 41.39 41.45
41.63 2.5408E-4 9.9999E+0 -9.9998E+0 3.95346E-2 -4.72767E-2 4.4843E+0 4.4763E+0 41.60 41.65
41.83 2.5439E-4 9.9999E+0 -9.9998E+0 3.96365E-2 -4.72800E-2 4.4834E+0 4.4756E+0 41.81 41.86
42.02 2.5458E-4 9.9999E+0 -9.9998E+0 3.96872E-2 -4.72954E-2 4.4863E+0 4.4786E+0 41.99 42.04
42.21 2.5481E-4 9.9999E+0 -9.9998E+0 3.97510E-2 -4.73112E-2 4.4886E+0 4.4808E+0 42.19 42.24
42.42 2.5497E-4 9.9999E+0 -9.9998E+0 3.97890E-2 -4.73274E-2 4.4912E+0 4.4831E+0 42.39 42.45
42.63 2.5524E-4 9.9999E+0 -9.9998E+0 3.98493E-2 -4.73591E-2 4.4935E+0 4.4854E+0 42.60 42.66
42.83 2.5536E-4 9.9999E+0 -9.9998E+0 3.98649E-2 -4.73824E-2 4.4928E+0 4.4847E+0 42.81 42.86
43.02 2.5559E-4 9.9999E+0 -9.9998E+0 3.99149E-2 -4.74109E-2 4.4943E+0 4.4862E+0 43.00 43.04
43.20 2.5577E-4 9.9999E+0 -9.9998E+0 3.99695E-2 -4.74183E-2 4.4945E+0 4.4864E+0 43.17 43.23
43.42 2.5606E-4 9.9999E+0 -9.9998E+0 4.00451E-2 -4.74423E-2 4.4976E+0 4.4895E+0 43.39 43.44
43.64 2.5628E-4 9.9999E+0 -9.9998E+0 4.00990E-2 -4.74639E-2 4.4988E+0 4.4909E+0 43.61 43.67
43.83 2.5655E-4 9.9999E+0 -9.9998E+0 4.01945E-2 -4.74609E-2 4.4994E+0 4.4914E+0 43.81 43.86
44.02 2.5677E-4 9.9999E+0 -9.9998E+0 4.02446E-2 -4.74854E-2 4.5029E+0 4.4950E+0 44.00 44.04
44.20 2.5695E-4 9.9999E+0 -9.9998E+0 4.02543E-2 -4.75377E-2 4.5048E+0 4.4970E+0 44.17 44.23
44.40 2.5716E-4 9.9999E+0 -9.9998E+0 4.03150E-2 -4.75475E-2 4.5079E+0 4.5000E+0 44.37 44.42
44.63 2.5743E-4 9.9999E+0 -9.9998E+0 4.03466E-2 -4.76085E-2 4.5095E+0 4.5013E+0 44.60 44.66
44.84 2.5771E-4 9.9999E+0 -9.9998E+0 4.04477E-2 -4.76050E-2 4.5091E+0 4.5008E+0 44.81 44.87
45.04 2.5789E-4 9.9999E+0 -9.9998E+0 4.04664E-2 -4.76473E-2 4.5114E+0 4.5030E+0 45.01 45.06
45.20 2.5811E-4 9.9999E+0 -9.9998E+0 4.05366E-2 -4.76512E-2 4.5136E+0 4.5051E+0 45.18 45.22
45.38 2.5834E-4 9.9999E+0 -9.9998E+0 4.06240E-2 -4.76438E-2 4.5143E+0 4.5064E+0 45.36 45.41
45.61 2.5865E-4 9.9999E+0 -9.9998E+0 4.06747E-2 -4.76991E-2 4.5161E+0 4.5077E+0 45.58 45.64
45.84 2.5889E-4 9.9999E+0 -9.9998E+0 4.07338E-2 -4.77208E-2 4.5192E+0 4.5108E+0 45.81 45.87
46.06 2.5917E-4 9.9999E+0 -9.9998E+0 4.07803E-2 -4.77701E-2 4.5215E+0 4.5129E+0 46.03 46.08
46.22 2.5936E-4 9.9999E+0 -9.9998E+0 4.08672E-2 -4.77486E-2 4.5236E+0 4.5156E+0 46.21 46.24
46.38 2.5949E-4 9.9999E+0 -9.9998E+0 4.08818E-2 -4.77771E-2 4.5255E+0 4.5173E+0 46.36 46.40
46.56 2.5974E-4 9.9999E+0 -9.9998E+0 4.09825E-2 -4.77635E-2 4.5257E+0 4.5174E+0 46.54 46.59
46.81 2.6011E-4 9.9999E+0 -9.9998E+0 4.10444E-2 -4.78253E-2 4.5267E+0 4.5186E+0 46.78 46.84
47.08 2.6039E-4 9.9999E+0 -9.9998E+0 4.11099E-2 -4.78577E-2 4.5292E+0 4.5211E+0 47.04 47.12
47.29 2.6070E-4 9.9999E+0 -9.9998E+0 4.11699E-2 -4.79039E-2 4.5306E+0 4.5224E+0 47.27 47.31
47.43 2.6073E-4 9.9999E+0 -9.9998E+0 4.11126E-2 -4.79691E-2 4.5326E+0 4.5244E+0 47.41 47.44
47.54 2.6101E-4 9.9999E+0 -9.9998E+0 4.12063E-2 -4.79714E-2 4.5354E+0 4.5273E+0 47.52 47.56
47.77 2.6118E-4 9.9999E+0 -9.9998E+0 4.12764E-2 -4.79617E-2 4.5348E+0 4.5267E+0 47.73 47.80
48.05 2.6161E-4 9.9999E+0 -9.9998E+0 4.13863E-2 -4.79979E-2 4.5376E+0 4.5294E+0 48.01 48.09
48.31 2.6195E-4 9.9999E+0 -9.9998E+0 4.14325E-2 -4.80681E-2 4.5401E+0 4.5322E+0 48.28 48.34
48.49 2.6216E-4 9.9999E+0 -9.9998E+0 4.14536E-2 -4.81186E-2 4.5419E+0 4.5342E+0 48.48 48.51
48.59 2.6226E-4 9.9999E+0 -9.9998E+0 4.15278E-2 -4.80788E-2 4.5440E+0 4.5361E+0 48.59 48.60
48.73 2.6237E-4 9.9999E+0 -9.9998E+0 4.15044E-2 -4.81382E-2 4.5457E+0 4.5380E+0 48.71 48.75
48.97 2.6278E-4 9.9999E+0 -9.9998E+0 4.15827E-2 -4.81997E-2 4.5456E+0 4.5378E+0 48.93 49.01
49.27 2.6317E-4 9.9999E+0 -9.9998E+0 4.16920E-2 -4.82256E-2 4.5484E+0 4.5408E+0 49.23 49.31
49.54 2.6348E-4 9.9999E+0 -9.9998E+0 4.17293E-2 -4.82939E-2 4.5510E+0 4.5433E+0 49.51 49.57
49.70 2.6371E-4 9.9999E+0 -9.9998E+0 4.17730E-2 -4.83294E-2 4.5532E+0 4.5453E+0 49.69 49.72
49.77 2.6385E-4 9.9999E+0 -9.9998E+0 4.18117E-2 -4.83370E-2 4.5556E+0 4.5479E+0 49.77 49.78
49.88 2.6393E-4 9.9999E+0 -9.9998E+0 4.18315E-2 -4.83447E-2 4.5562E+0 4.5484E+0 49.86 49.91
50.16 2.6429E-4 9.9999E+0 -9.9998E+0 4.19341E-2 -4.83651E-2 4.5579E+0 4.5504E+0 50.12 50.21
50.50 2.6479E-4 9.9999E+0 -9.9998E+0 4.20189E-2 -4.84497E-2 4.5592E+0 4.5517E+0 50.46 50.55
50.83 2.6515E-4 9.9999E+0 -9.9998E+0 4.20636E-2 -4.85314E-2 4.5623E+0 4.5546E+0 50.81 50.85
50.92 2.6522E-4 9.9999E+0 -9.9998E+0 4.21259E-2 -4.84926E-2 4.5630E+0 4.5553E+0 50.92 50.92
50.87 2.6521E-4 9.9999E+0 -9.9998E+0 4.21341E-2 -4.84803E-2 4.5650E+0 4.5574E+0 50.87 50.87
50.96 2.6533E-4 9.9999E+0 -9.9998E+0 4.21558E-2 -4.84975E-2 4.5676E+0 4.5602E+0 50.93 50.99
51.38 2.6594E-4 9.9999E+0 -9.9998E+0 4.22877E-2 -4.85756E-2 4.5685E+0 4.5614E+0 51.32 51.44
51.93 2.6662E-4 9.9999E+0 -9.9998E+0 4.24134E-2 -4.86816E-2 4.5723E+0 4.5649E+0 51.88 51.98
52.19 2.6700E-4 9.9999E+0 -9.9998E+0 4.24874E-2 -4.87368E-2 4.5736E+0 4.5659E+0 52.19 52.19
52.03 2.6661E-4 9.9999E+0 -9.9998E+0 4.24346E-2 -4.86562E-2 4.5762E+0 4.5684E+0 52.07 52.00
51.78 2.6636E-4 9.9999E+0 -9.9998E+0 4.23945E-2 -4.86106E-2 4.5783E+0 4.5708E+0 51.79 51.76
51.97 2.6668E-4 9.9999E+0 -9.9998E+0 4.24566E-2 -4.86579E-2 4.5803E+0 4.5728E+0 51.91 52.03
52.75 2.6782E-4 9.9999E+0 -9.9998E+0 4.27070E-2 -4.88003E-2 4.5832E+0 4.5755E+0 52.65 52.86
53.53 2.6884E-4 9.9999E+0 -9.9998E+0 4.28411E-2 -4.90141E-2 4.5864E+0 4.5785E+0 53.47 53.59
53.63 2.6889E-4 9.9999E+0 -9.9998E+0 4.28845E-2 -4.89857E-2 4.5867E+0 4.5789E+0 53.66 53.60
53.23 2.6828E-4 9.9999E+0 -9.9998E+0 4.28134E-2 -4.88483E-2 4.5894E+0 4.5815E+0 53.29 53.18
52.84 2.6778E-4 9.9999E+0 -9.9998E+0 4.27050E-2 -4.87863E-2 4.5898E+0 4.5820E+0 52.85 52.82
53.05 2.6817E-4 9.9999E+0 -9.9998E+0 4.28154E-2 -4.88089E-2 4.5935E+0 4.5857E+0 52.98 53.12
53.99 2.6955E-4 9.9999E+0 -9.9998E+0 4.31234E-2 -4.89726E-2 4.5956E+0 4.5879E+0 53.86 54.11
54.92 2.7079E-4 9.9999E+0 -9.9998E+0 4.33016E-2 -4.92181E-2 4.5997E+0 4.5919E+0 54.85 54.99
55.07 2.7090E-4 9.9999E+0 -9.9998E+0 4.32836E-2 -4.92728E-2 4.6024E+0 4.5947E+0 55.10 55.04
54.68 2.7024E-4 9.9999E+0 -9.9998E+0 4.32004E-2 -4.91334E-2 4.6021E+0 4.5941E+0 54.74 54.63
54.19 2.6960E-4 9.9999E+0 -9.9998E+0 4.30860E-2 -4.90277E-2 4.6040E+0 4.5961E+0 54.22 54.15
54.13 2.6963E-4 9.9999E+0 -9.9998E+0 4.31101E-2 -4.90150E-2 4.6062E+0 4.5982E+0 54.09 54.16
54.84 2.7074E-4 9.9999E+0 -9.9998E+0 4.33808E-2 -4.91230E-2 4.6095E+0 4.6014E+0 54.73 54.96
55.93 2.7230E-4 9.9999E+0 -9.9998E+0 4.36522E-2 -4.93857E-2 4.6130E+0 4.6048E+0 55.83 56.03
56.46 2.7290E-4 9.9999E+0 -9.9998E+0 4.37191E-2 -4.95207E-2 4.6143E+0 4.6061E+0 56.45 56.47
56.26 2.7251E-4 9.9999E+0 -9.9998E+0 4.36897E-2 -4.94182E-2 4.6144E+0 4.6063E+0 56.30 56.22
55.79 2.7183E-4 9.9999E+0 -9.9998E+0 4.35824E-2 -4.92950E-2 4.6173E+0 4.6091E+0 55.84 55.74
55.43 2.7142E-4 9.9999E+0 -9.9998E+0 4.34927E-2 -4.92432E-2 4.6171E+0 4.6086E+0 55.44 55.42
55.65 2.7188E-4 9.9999E+0 -9.9998E+0 4.35640E-2 -4.93277E-2 4.6205E+0 4.6124E+0 55.58 55.72
56.55 2.7318E-4 9.9999E+0 -9.9998E+0 4.38653E-2 -4.94719E-2 4.6245E+0 4.6161E+0 56.43 56.67
57.51 2.7451E-4 9.9999E+0 -9.9998E+0 4.40643E-2 -4.97268E-2 4.6253E+0 4.6172E+0 57.43 57.59
57.77 2.7468E-4 9.9999E+0 -9.9998E+0 4.40655E-2 -4.97824E-2 4.6271E+0 4.6188E+0 57.78 57.76
57.47 2.7420E-4 9.9999E+0 -9.9998E+0 4.40362E-2 -4.96497E-2 4.6281E+0 4.6195E+0 57.51 57.42
57.07 2.7374E-4 9.9999E+0 -9.9998E+0 4.39713E-2 -4.95573E-2 4.6297E+0 4.6214E+0 57.12 57.02
56.79 2.7341E-4 9.9999E+0 -9.9998E+0 4.39176E-2 -4.94972E-2 4.6323E+0 4.6242E+0 56.80 56.79
57.12 2.7393E-4 9.9999E+0 -9.9998E+0 4.40486E-2 -4.95447E-2 4.6349E+0 4.6271E+0 57.04 57.20
58.07 2.7532E-4 9.9999E+0 -9.9998E+0 4.43438E-2 -4.97243E-2 4.6373E+0 4.6293E+0 57.95 58.19
58.96 2.7659E-4 9.9999E+0 -9.9998E+0 4.45104E-2 -4.99919E-2 4.6413E+0 4.6334E+0 58.89 59.02
59.14 2.7668E-4 9.9999E+0 -9.9998E+0 4.44920E-2 -5.00401E-2 4.6434E+0 4.6352E+0 59.16 59.13
58.85 2.7616E-4 9.9999E+0 -9.9998E+0 4.44222E-2 -4.99322E-2 4.6452E+0 4.6369E+0 58.90 58.80
58.47 2.7566E-4 9.9999E+0 -9.9998E+0 4.43748E-2 -4.98111E-2 4.6447E+0 4.6368E+0 58.52 58.42
58.20 2.7538E-4 9.9999E+0 -9.9998E+0 4.43069E-2 -4.97813E-2 4.6475E+0 4.6393E+0 58.20 58.20
58.50 2.7588E-4 9.9999E+0 -9.9998E+0 4.44355E-2 -4.98244E-2 4.6490E+0 4.6412E+0 58.43 58.57
59.40 2.7729E-4 9.9999E+0 -9.9998E+0 4.47280E-2 -5.00118E-2 4.6526E+0 4.6449E+0 59.29 59.52
60.32 2.7856E-4 9.9999E+0 -9.9998E+0 4.49199E-2 -5.02540E-2 4.6554E+0 4.6476E+0 60.25 60.40
60.59 2.7877E-4 9.9999E+0 -9.9998E+0 4.49149E-2 -5.03323E-2 4.6549E+0 4.6468E+0 60.60 60.58
60.35 2.7832E-4 9.9999E+0 -9.9998E+0 4.48683E-2 -5.02265E-2 4.6573E+0 4.6492E+0 60.39 60.31
59.99 2.7783E-4 9.9999E+0 -9.9998E+0 4.47871E-2 -5.01374E-2 4.6591E+0 4.6512E+0 60.04 59.94
59.67 2.7745E-4 9.9999E+0 -9.9998E+0 4.47384E-2 -5.00567E-2 4.6614E+0 4.6528E+0 59.69 59.66
59.83 2.7777E-4 9.9999E+0 -9.9998E+0 4.48224E-2 -5.00842E-2 4.6639E+0 4.6555E+0 59.77 59.88
60.59 2.7898E-4 9.9999E+0 -9.9998E+0 4.50613E-2 -5.02581E-2 4.6670E+0 4.6585E+0 60.48 60.70
61.56 2.8035E-4 9.9999E+0 -9.9998E+0 4.53296E-2 -5.04558E-2 4.6705E+0 4.6619E+0 61.47 61.65
62.04 2.8093E-4 9.9999E+0 -9.9998E+0 4.53919E-2 -5.05937E-2 4.6714E+0 4.6631E+0 62.03 62.06
61.93 2.8062E-4 9.9999E+0 -9.9998E+0 4.53406E-2 -5.05379E-2 4.6719E+0 4.6637E+0 61.96 61.90
61.56 2.8003E-4 9.9999E+0 -9.9998E+0 4.52162E-2 -5.04621E-2 4.6740E+0 4.6657E+0 61.61 61.51
61.16 2.7954E-4 9.9999E+0 -9.9998E+0 4.51655E-2 -5.03455E-2 4.6739E+0 4.6655E+0 61.19 61.13
61.12 2.7953E-4 9.9999E+0 -9.9998E+0 4.51683E-2 -5.03386E-2 4.6770E+0 4.6685E+0 61.09 61.15
61.70 2.8054E-4 9.9999E+0 -9.9998E+0 4.54180E-2 -5.04338E-2 4.6783E+0 4.6698E+0 61.60 61.80
62.73 2.8211E-4 9.9999E+0 -9.9998E+0 4.56961E-2 -5.06930E-2 4.6823E+0 4.6737E+0 62.62 62.84
63.51 2.8315E-4 9.9999E+0 -9.9998E+0 4.58689E-2 -5.08742E-2 4.6858E+0 4.6769E+0 63.46 63.56
63.62 2.8310E-4 9.9999E+0 -9.9998E+0 4.58153E-2 -5.09095E-2 4.6858E+0 4.6770E+0 63.64 63.60
63.35 2.8275E-4 9.9999E+0 -9.9998E+0 4.57949E-2 -5.08122E-2 4.6867E+0 4.6780E+0 63.39 63.32
63.02 2.8223E-4 9.9999E+0 -9.9998E+0 4.56980E-2 -5.07297E-2 4.6889E+0 4.6804E+0 63.06 62.98
62.71 2.8181E-4 9.9999E+0 -9.9998E+0 4.56123E-2 -5.06722E-2 4.6897E+0 4.6811E+0 62.73 62.69
62.80 2.8202E-4 9.9999E+0 -9.9998E+0 4.56774E-2 -5.06804E-2 4.6928E+0 4.6842E+0 62.76 62.85
63.46 2.8311E-4 9.9999E+0 -9.9998E+0 4.59396E-2 -5.07898E-2 4.6943E+0 4.6858E+0 63.35 63.56
64.43 2.8451E-4 9.9999E+0 -9.9998E+0 4.61568E-2 -5.10509E-2 4.6990E+0 4.6903E+0 64.32 64.53
65.07 2.8533E-4 9.9999E+0 -9.9998E+0 4.62585E-2 -5.12311E-2 4.7023E+0 4.6936E+0 65.04 65.11
65.10 2.8528E-4 9.9999E+0 -9.9998E+0 4.62614E-2 -5.12111E-2 4.7013E+0 4.6927E+0 65.12 65.09
64.83 2.8482E-4 9.9999E+0 -9.9998E+0 4.62126E-2 -5.11015E-2 4.7044E+0 4.6957E+0 64.87 64.79
64.50 2.8436E-4 9.9999E+0 -9.9998E+0 4.61059E-2 -5.10496E-2 4.7062E+0 4.6973E+0 64.54 64.46
64.24 2.8406E-4 9.9999E+0 -9.9998E+0 4.60595E-2 -5.09933E-2 4.7080E+0 4.6995E+0 64.25 64.24
64.43 2.8446E-4 9.9999E+0 -9.9998E+0 4.61658E-2 -5.10269E-2 4.7104E+0 4.7018E+0 64.37 64.48
65.17 2.8557E-4 9.9999E+0 -9.9998E+0 4.64316E-2 -5.11391E-2 4.7124E+0 4.7040E+0 65.06 65.27
66.12 2.8698E-4 9.9999E+0 -9.9998E+0 4.66796E-2 -5.13740E-2 4.7148E+0 4.7062E+0 66.02 66.22
66.69 2.8772E-4 9.9999E+0 -9.9998E+0 4.67607E-2 -5.15440E-2 4.7131E+0 4.7046E+0 66.66 66.72
66.69 2.8764E-4 9.9999E+0 -9.9998E+0 4.67283E-2 -5.15507E-2 4.7147E+0 4.7061E+0 66.71 66.67
66.41 2.8712E-4 9.9999E+0 -9.9998E+0 4.66611E-2 -5.14391E-2 4.7158E+0 4.7072E+0 66.45 66.37
66.10 2.8670E-4 9.9999E+0 -9.9998E+0 4.65960E-2 -5.13617E-2 4.7182E+0 4.7094E+0 66.14 66.06
65.86 2.8642E-4 9.9999E+0 -9.9998E+0 4.65354E-2 -5.13263E-2 4.7197E+0 4.7109E+0 65.86 65.85
66.03 2.8677E-4 9.9999E+0 -9.9998E+0 4.66285E-2 -5.13503E-2 4.7203E+0 4.7115E+0 65.98 66.07
66.72 2.8789E-4 9.9999E+0 -9.9998E+0 4.68559E-2 -5.15069E-2 4.7239E+0 4.7151E+0 66.62 66.82
67.67 2.8929E-4 9.9999E+0 -9.9998E+0 4.71445E-2 -5.16979E-2 4.7268E+0 4.7181E+0 67.57 67.76
68.28 2.9010E-4 9.9999E+0 -9.9998E+0 4.72287E-2 -5.18892E-2 4.7283E+0 4.7196E+0 68.25 68.32
68.34 2.9008E-4 9.9999E+0 -9.9998E+0 4.72302E-2 -5.18820E-2 4.7294E+0 4.7208E+0 68.35 68.32
68.10 2.8968E-4 9.9999E+0 -9.9998E+0 4.71729E-2 -5.18005E-2 4.7319E+0 4.7228E+0 68.14 68.07
67.81 2.8919E-4 9.9999E+0 -9.9998E+0 4.71031E-2 -5.17040E-2 4.7333E+0 4.7244E+0 67.85 67.77
67.54 2.8888E-4 9.9999E+0 -9.9998E+0 4.70555E-2 -5.16441E-2 4.7343E+0 4.7254E+0 67.55 67.52
67.59 2.8906E-4 9.9999E+0 -9.9998E+0 4.70837E-2 -5.16782E-2 4.7346E+0 4.7259E+0 67.56 67.62
68.15 2.8998E-4 9.9999E+0 -9.9998E+0 4.73078E-2 -5.17686E-2 4.7382E+0 4.7296E+0 68.07 68.24
69.07 2.9138E-4 9.9999E+0 -9.9998E+0 4.75769E-2 -5.19768E-2 4.7385E+0 4.7300E+0 68.96 69.17
69.84 2.9243E-4 9.9999E+0 -9.9998E+0 4.77271E-2 -5.21858E-2 4.7412E+0 4.7328E+0 69.78 69.90
70.06 2.9257E-4 9.9999E+0 -9.9998E+0 4.77153E-2 -5.22471E-2 4.7430E+0 4.7345E+0 70.06 70.05
69.88 2.9226E-4 9.9999E+0 -9.9998E+0 4.76641E-2 -5.21923E-2 4.7437E+0 4.7350E+0 69.91 69.85
69.55 2.9175E-4 9.9999E+0 -9.9998E+0 4.75839E-2 -5.20963E-2 4.7452E+0 4.7365E+0 69.59 69.52
69.22 2.9133E-4 9.9999E+0 -9.9998E+0 4.75174E-2 -5.20191E-2 4.7472E+0 4.7384E+0 69.25 69.19
69.13 2.9133E-4 9.9999E+0 -9.9998E+0 4.75308E-2 -5.20069E-2 4.7489E+0 4.7402E+0 69.11 69.15
69.55 2.9203E-4 9.9999E+0 -9.9998E+0 4.76743E-2 -5.21041E-2 4.7504E+0 4.7418E+0 69.47 69.62
70.49 2.9342E-4 9.9999E+0 -9.9998E+0 4.79806E-2 -5.22708E-2 4.7539E+0 4.7453E+0 70.36 70.62
71.68 2.9513E-4 9.9999E+0 -9.9998E+0 4.83157E-2 -5.25207E-2 4.7571E+0 4.7485E+0 71.56 71.80
72.54 2.9618E-4 9.9999E+0 -9.9998E+0 4.84394E-2 -5.27545E-2 4.7603E+0 4.7518E+0 72.48 72.60
72.80 2.9639E-4 9.9999E+0 -9.9998E+0 4.84123E-2 -5.28536E-2 4.7596E+0 4.7513E+0 72.80 72.80
72.69 2.9619E-4 9.9999E+0 -9.9998E+0 4.84096E-2 -5.27902E-2 4.7602E+0 4.7518E+0 72.71 72.67
72.50 2.9595E-4 9.9999E+0 -9.9998E+0 4.83494E-2 -5.27663E-2 4.7623E+0 4.7540E+0 72.51 72.49
72.61 2.9621E-4 9.9999E+0 -9.9998E+0 4.84508E-2 -5.27553E-2 4.7639E+0 4.7559E+0 72.57 72.65
73.33 2.9742E-4 9.9999E+0 -9.9998E+0 4.87391E-2 -5.28806E-2 4.7668E+0 4.7586E+0 73.21 73.45
74.65 2.9962E-4 9.9999E+0 -9.9998E+0 4.91926E-2 -5.31776E-2 4.7718E+0 4.7636E+0 74.48 74.83
76.34 3.0175E-4 9.9999E+0 -9.9998E+0 4.95355E-2 -5.35641E-2 4.7748E+0 4.7661E+0 76.15 76.52
77.53 3.0289E-4 9.9999E+0 -9.9998E+0 4.96245E-2 -5.38640E-2 4.7769E+0 4.7682E+0 77.46 77.60
77.76 3.0297E-4 9.9999E+0 -9.9998E+0 4.95854E-2 -5.39308E-2 4.7781E+0 4.7692E+0 77.78 77.75
77.49 3.0263E-4 9.9999E+0 -9.9998E+0 4.95345E-2 -5.38641E-2 4.7794E+0 4.7704E+0 77.54 77.45
77.12 3.0223E-4 9.9999E+0 -9.9998E+0 4.94799E-2 -5.37816E-2 4.7800E+0 4.7711E+0 77.17 77.07
76.81 3.0197E-4 9.9999E+0 -9.9998E+0 4.94333E-2 -5.37400E-2 4.7816E+0 4.7728E+0 76.82 76.79
77.05 3.0234E-4 9.9999E+0 -9.9998E+0 4.95582E-2 -5.37414E-2 4.7842E+0 4.7755E+0 76.97 77.13
78.24 3.0373E-4 9.9999E+0 -9.9998E+0 4.98818E-2 -5.38942E-2 4.7871E+0 4.7786E+0 78.06 78.43
80.12 3.0555E-4 9.9999E+0 -9.9998E+0 5.01994E-2 -5.41959E-2 4.7913E+0 4.7823E+0 79.92 80.32
81.43 3.0670E-4 9.9999E+0 -9.9998E+0 5.03390E-2 -5.44515E-2 4.7941E+0 4.7853E+0 81.35 81.50
81.72 3.0682E-4 9.9999E+0 -9.9998E+0 5.03095E-2 -5.45207E-2 4.7945E+0 4.7856E+0 81.72 81.72
81.53 3.0659E-4 9.9999E+0 -9.9998E+0 5.02778E-2 -5.44749E-2 4.7954E+0 4.7867E+0 81.56 81.49
81.14 3.0615E-4 9.9999E+0 -9.9998E+0 5.02005E-2 -5.43997E-2 4.7974E+0 4.7885E+0 81.19 81.09
80.82 3.0599E-4 9.9999E+0 -9.9998E+0 5.01738E-2 -5.43735E-2 4.8001E+0 4.7912E+0 80.83 80.81
81.07 3.0630E-4 9.9999E+0 -9.9998E+0 5.02743E-2 -5.43792E-2 4.8015E+0 4.7926E+0 81.00 81.14
82.11 3.0757E-4 9.9999E+0 -9.9998E+0 5.05595E-2 -5.45258E-2 4.8042E+0 4.7952E+0 81.96 82.26
83.36 3.0939E-4 9.9999E+0 -9.9998E+0 5.09193E-2 -5.47881E-2 4.8086E+0 4.7998E+0 83.24 83.49
84.28 3.1129E-4 9.9999E+0 -9.9998E+0 5.12503E-2 -5.51063E-2 4.8124E+0 4.8032E+0 84.19 84.36
84.87 3.1263E-4 9.9999E+0 -9.9998E+0 5.14513E-2 -5.53634E-2 4.8162E+0 4.8071E+0 84.82 84.93
85.19 3.1323E-4 9.9999E+0 -9.9998E+0 5.14823E-2 -5.55384E-2 4.8175E+0 4.8084E+0 85.17 85.21
85.24 3.1323E-4 9.9999E+0 -9.9998E+0 5.14852E-2 -5.55367E-2 4.8179E+0 4.8086E+0 85.24 85.23
85.15 3.1303E-4 9.9999E+0 -9.9998E+0 5.14224E-2 -5.55312E-2 4.8191E+0 4.8098E+0 85.16 85.14
85.14 3.1306E-4 9.9999E+0 -9.9998E+0 5.14531E-2 -5.55098E-2 4.8192E+0 4.8103E+0 85.12 85.15
85.43 3.1381E-4 9.9999E+0 -9.9998E+0 5.16690E-2 -5.55512E-2 4.8231E+0 4.8147E+0 85.37 85.49
86.33 3.1558E-4 9.9999E+0 -9.9998E+0 5.20615E-2 -5.57632E-2 4.8271E+0 4.8189E+0 86.18 86.47
87.96 3.1808E-4 9.9999E+0 -9.9998E+0 5.25593E-2 -5.61184E-2 4.8334E+0 4.8251E+0 87.76 88.17
89.72 3.2052E-4 9.9999E+0 -9.9998E+0 5.29508E-2 -5.65607E-2 4.8377E+0 4.8293E+0 89.56 89.89
90.77 3.2177E-4 9.9999E+0 -9.9998E+0 5.30398E-2 -5.68981E-2 4.8398E+0 4.8310E+0 90.70 90.83
91.05 3.2204E-4 9.9999E+0 -9.9998E+0 5.30496E-2 -5.69818E-2 4.8397E+0 4.8309E+0 91.05 91.06
90.94 3.2179E-4 9.9999E+0 -9.9998E+0 5.30026E-2 -5.69422E-2 4.8414E+0 4.8328E+0 90.97 90.91
90.65 3.2134E-4 9.9999E+0 -9.9998E+0 5.29210E-2 -5.68724E-2 4.8432E+0 4.8344E+0 90.69 90.61
90.36 3.2093E-4 9.9999E+0 -9.9998E+0 5.28521E-2 -5.68003E-2 4.8441E+0 4.8357E+0 90.39 90.33
90.17 3.2077E-4 9.9999E+0 -9.9998E+0 5.28231E-2 -5.67742E-2 4.8470E+0 4.8384E+0 90.17 90.16
90.41 3.2121E-4 9.9999E+0 -9.9998E+0 5.29383E-2 -5.68095E-2 4.8498E+0 4.8411E+0 90.35 90.47
91.30 3.2267E-4 9.9999E+0 -9.9998E+0 5.33041E-2 -5.69432E-2 4.8536E+0 4.8450E+0 91.16 91.44
92.75 3.2485E-4 9.9999E+0 -9.9998E+0 5.37507E-2 -5.72397E-2 4.8584E+0 4.8498E+0 92.57 92.93
94.38 3.2706E-4 9.9999E+0 -9.9998E+0 5.41321E-2 -5.76146E-2 4.8628E+0 4.8540E+0 94.21 94.54
95.54 3.2854E-4 9.9999E+0 -9.9998E+0 5.42685E-2 -5.79835E-2 4.8659E+0 4.8571E+0 95.45 95.62
95.95 3.2888E-4 9.9999E+0 -9.9998E+0 5.42821E-2 -5.80872E-2 4.8635E+0 4.8546E+0 95.94 95.96
95.90 3.2881E-4 9.9999E+0 -9.9998E+0 5.42456E-2 -5.80991E-2 4.8665E+0 4.8578E+0 95.92 95.88
95.65 3.2839E-4 9.9999E+0 -9.9998E+0 5.41689E-2 -5.80318E-2 4.8685E+0 4.8599E+0 95.69 95.62
95.37 3.2804E-4 9.9999E+0 -9.9998E+0 5.41131E-2 -5.79689E-2 4.8706E+0 4.8619E+0 95.41 95.34
95.17 3.2780E-4 9.9999E+0 -9.9998E+0 5.40956E-2 -5.79028E-2 4.8695E+0 4.8605E+0 95.18 95.17
95.39 3.2824E-4 9.9999E+0 -9.9998E+0 5.42179E-2 -5.79322E-2 4.8729E+0 4.8641E+0 95.33 95.45
96.24 3.2951E-4 9.9999E+0 -9.9998E+0 5.45052E-2 -5.80770E-2 4.8737E+0 4.8651E+0 96.11 96.37
97.65 3.3162E-4 9.9999E+0 -9.9998E+0 5.49687E-2 -5.83349E-2 4.8795E+0 4.8709E+0 97.48 97.83
99.24 3.3380E-4 9.9999E+0 -9.9998E+0 5.53439E-2 -5.87063E-2 4.8833E+0 4.8746E+0 99.07 99.40
100.44 3.3531E-4 9.9999E+0 -9.9998E+0 5.55276E-2 -5.90373E-2 4.8841E+0 4.8750E+0 100.35 100.54
100.93 3.3577E-4 9.9999E+0 -9.9998E+0 5.55316E-2 -5.91906E-2 4.8854E+0 4.8765E+0 100.90 100.95
100.93 3.3570E-4 9.9999E+0 -9.9998E+0 5.54692E-2 -5.92298E-2 4.8874E+0 4.8785E+0 100.95 100.92
100.70 3.3532E-4 9.9999E+0 -9.9998E+0 5.53978E-2 -5.91709E-2 4.8873E+0 4.8784E+0 100.73 100.68
100.44 3.3499E-4 9.9999E+0 -9.9998E+0 5.53603E-2 -5.90952E-2 4.8891E+0 4.8802E+0 100.47 100.41
100.22 3.3474E-4 1.0000E+1 -9.9998E+0 5.53451E-2 -5.90262E-2 4.8905E+0 4.8815E+0 100.23 100.22
100.36 3.3508E-4 9.9999E+0 -9.9998E+0 5.54368E-2 -5.90498E-2 4.8932E+0 4.8845E+0 100.32 100.41
101.09 3.3625E-4 9.9999E+0 -9.9998E+0 5.57110E-2 -5.91763E-2 4.8976E+0 4.8891E+0 100.97 101.21
102.40 3.3817E-4 9.9999E+0 -9.9998E+0 5.61310E-2 -5.94097E-2 4.9001E+0 4.8915E+0 102.24 102.57
103.99 3.4042E-4 9.9999E+0 -9.9998E+0 5.65464E-2 -5.97648E-2 4.9057E+0 4.8970E+0 103.82 104.16
105.36 3.4221E-4 9.9999E+0 -9.9998E+0 5.68080E-2 -6.01161E-2 4.9097E+0 4.9011E+0 105.24 105.48
106.05 3.4301E-4 9.9999E+0 -9.9998E+0 5.68390E-2 -6.03575E-2 4.9110E+0 4.9021E+0 106.01 106.09
106.16 3.4299E-4 9.9999E+0 -9.9998E+0 5.67801E-2 -6.04094E-2 4.9139E+0 4.9047E+0 106.17 106.15
105.97 3.4267E-4 9.9999E+0 -9.9998E+0 5.67317E-2 -6.03467E-2 4.9119E+0 4.9029E+0 106.00 105.94
105.70 3.4232E-4 1.0000E+1 -9.9997E+0 5.66678E-2 -6.02916E-2 4.9144E+0 4.9054E+0 105.74 105.67
105.42 3.4195E-4 9.9999E+0 -9.9998E+0 5.66041E-2 -6.02306E-2 4.9152E+0 4.9064E+0 105.44 105.39
105.39 3.4203E-4 9.9999E+0 -9.9998E+0 5.66725E-2 -6.01898E-2 4.9177E+0 4.9090E+0 105.36 105.41
105.87 3.4286E-4 9.9999E+0 -9.9998E+0 5.68760E-2 -6.02680E-2 4.9221E+0 4.9132E+0 105.78 105.96
106.97 3.4450E-4 1.0000E+1 -9.9998E+0 5.72364E-2 -6.04687E-2 4.9255E+0 4.9168E+0 106.81 107.12
108.51 3.4676E-4 9.9999E+0 -9.9998E+0 5.76911E-2 -6.07845E-2 4.9311E+0 4.9225E+0 108.32 108.69
110.07 3.4886E-4 9.9999E+0 -9.9998E+0 5.80319E-2 -6.11628E-2 4.9357E+0 4.9269E+0 109.92 110.22
111.15 3.5017E-4 1.0000E+1 -9.9998E+0 5.81400E-2 -6.15026E-2 4.9354E+0 4.9262E+0 111.07 111.23
111.52 3.5042E-4 1.0000E+1 -9.9998E+0 5.81143E-2 -6.16119E-2 4.9382E+0 4.9290E+0 111.50 111.53
111.45 3.5028E-4 9.9999E+0 -9.9998E+0 5.80715E-2 -6.16071E-2 4.9382E+0 4.9293E+0 111.47 111.43
111.17 3.4985E-4 1.0000E+1 -9.9998E+0 5.80016E-2 -6.15296E-2 4.9388E+0 4.9297E+0 111.21 111.14
110.87 3.4946E-4 9.9999E+0 -9.9998E+0 5.79346E-2 -6.14635E-2 4.9405E+0 4.9316E+0 110.91 110.83
110.62 3.4919E-4 9.9999E+0 -9.9998E+0 5.79061E-2 -6.13997E-2 4.9414E+0 4.9330E+0 110.64 110.61
110.74 3.4945E-4 1.0000E+1 -9.9998E+0 5.79982E-2 -6.13968E-2 4.9448E+0 4.9362E+0 110.70 110.78
111.45 3.5067E-4 1.0000E+1 -9.9998E+0 5.82901E-2 -6.15215E-2 4.9473E+0 4.9388E+0 111.33 111.57
112.76 3.5247E-4 1.0000E+1 -9.9998E+0 5.86969E-2 -6.17327E-2 4.9510E+0 4.9428E+0 112.59 112.93
114.41 3.5483E-4 1.0000E+1 -9.9998E+0 5.90975E-2 -6.21382E-2 4.9554E+0 4.9474E+0 114.23 114.60
115.92 3.5672E-4 1.0000E+1 -9.9998E+0 5.93927E-2 -6.24862E-2 4.9601E+0 4.9517E+0 115.78 116.06
116.78 3.5772E-4 1.0000E+1 -9.9998E+0 5.94636E-2 -6.27573E-2 4.9615E+0 4.9531E+0 116.73 116.84
116.98 3.5779E-4 1.0000E+1 -9.9998E+0 5.94100E-2 -6.28362E-2 4.9634E+0 4.9549E+0 116.98 116.97
116.81 3.5747E-4 1.0000E+1 -9.9998E+0 5.93720E-2 -6.27654E-2 4.9654E+0 4.9566E+0 116.84 116.78
116.47 3.5705E-4 9.9999E+0 -9.9998E+0 5.92635E-2 -6.27285E-2 4.9661E+0 4.9573E+0 116.51 116.43
116.14 3.5665E-4 9.9999E+0 -9.9998E+0 5.92178E-2 -6.26381E-2 4.9681E+0 4.9592E+0 116.18 116.11
115.91 3.5641E-4 1.0000E+1 -9.9998E+0 5.92044E-2 -6.25708E-2 4.9714E+0 4.9624E+0 115.92 115.91
116.12 3.5686E-4 1.0000E+1 -9.9998E+0 5.93330E-2 -6.25958E-2 4.9722E+0 4.9635E+0 116.06 116.18
116.97 3.5808E-4 1.0000E+1 -9.9998E+0 5.96391E-2 -6.27062E-2 4.9779E+0 4.9692E+0 116.84 117.11
118.42 3.6024E-4 9.9999E+0 -9.9998E+0 6.00849E-2 -6.29984E-2 4.9821E+0 4.9733E+0 118.23 118.61
120.14 3.6254E-4 9.9999E+0 -9.9997E+0 6.05030E-2 -6.33653E-2 4.9877E+0 4.9791E+0 119.95 120.33
121.63 3.6442E-4 1.0000E+1 -9.9998E+0 6.07725E-2 -6.37368E-2 4.9881E+0 4.9792E+0 121.50 121.76
122.42 3.6524E-4 1.0000E+1 -9.9998E+0 6.08003E-2 -6.39895E-2 4.9906E+0 4.9817E+0 122.37 122.46
122.57 3.6531E-4 1.0000E+1 -9.9998E+0 6.07748E-2 -6.40409E-2 4.9918E+0 4.9828E+0 122.58 122.57
122.40 3.6501E-4 1.0000E+1 -9.9998E+0 6.07059E-2 -6.40061E-2 4.9932E+0 4.9844E+0 122.43 122.36
122.08 3.6457E-4 1.0000E+1 -9.9998E+0 6.06471E-2 -6.39141E-2 4.9942E+0 4.9853E+0 122.12 122.04
121.80 3.6421E-4 1.0000E+1 -9.9998E+0 6.05872E-2 -6.38503E-2 4.9954E+0 4.9867E+0 121.83 121.76
121.59 3.6401E-4 1.0000E+1 -9.9998E+0 6.05777E-2 -6.37915E-2 4.9976E+0 4.9887E+0 121.60 121.59
121.78 3.6439E-4 1.0000E+1 -9.9998E+0 6.06772E-2 -6.38233E-2 5.0005E+0 4.9920E+0 121.73 121.83
122.53 3.6553E-4 1.0000E+1 -9.9998E+0 6.09555E-2 -6.39349E-2 5.0052E+0 4.9966E+0 122.41 122.65
123.84 3.6743E-4 1.0000E+1 -9.9998E+0 6.13902E-2 -6.41499E-2 5.0105E+0 5.0018E+0 123.67 124.01
125.44 3.6960E-4 1.0000E+1 -9.9998E+0 6.18083E-2 -6.44738E-2 5.0160E+0 5.0072E+0 125.26 125.62
126.90 3.7141E-4 1.0000E+1 -9.9998E+0 6.20742E-2 -6.48237E-2 5.0205E+0 5.0115E+0 126.77 127.04
127.78 3.7236E-4 1.0000E+1 -9.9998E+0 6.21464E-2 -6.50776E-2 5.0241E+0 5.0152E+0 127.72 127.84
128.09 3.7266E-4 1.0000E+1 -9.9998E+0 6.21598E-2 -6.51654E-2 5.0267E+0 5.0178E+0 128.07 128.10
128.08 3.7260E-4 1.0000E+1 -9.9998E+0 6.21190E-2 -6.51865E-2 5.0284E+0 5.0196E+0 128.09 128.07
127.94 3.7235E-4 1.0000E+1 -9.9997E+0 6.20582E-2 -6.51633E-2 5.0289E+0 5.0199E+0 127.96 127.92
127.79 3.7218E-4 9.9999E+0 -9.9998E+0 6.20779E-2 -6.50853E-2 5.0318E+0 5.0228E+0 127.81 127.77
127.65 3.7205E-4 9.9999E+0 -9.9998E+0 6.20586E-2 -6.50591E-2 5.0343E+0 5.0253E+0 127.67 127.64
127.67 3.7213E-4 1.0000E+1 -9.9998E+0 6.20986E-2 -6.50457E-2 5.0371E+0 5.0282E+0 127.65 127.68
128.03 3.7272E-4 1.0000E+1 -9.9998E+0 6.22544E-2 -6.50940E-2 5.0407E+0 5.0319E+0 127.97 128.10
128.86 3.7398E-4 9.9999E+0 -9.9998E+0 6.25425E-2 -6.52359E-2 5.0447E+0 5.0358E+0 128.74 128.98
129.89 3.7540E-4 1.0000E+1 -9.9998E+0 6.28280E-2 -6.54337E-2 5.0493E+0 5.0403E+0 129.74 130.03
131.08 3.7695E-4 1.0000E+1 -9.9998E+0 6.31260E-2 -6.56650E-2 5.0520E+0 5.0433E+0 130.92 131.24
132.39 3.7858E-4 1.0000E+1 -9.9997E+0 6.33657E-2 -6.59849E-2 5.0576E+0 5.0487E+0 132.26 132.52
133.30 3.7968E-4 1.0000E+1 -9.9998E+0 6.35191E-2 -6.62072E-2 5.0611E+0 5.0519E+0 133.23 133.37
133.71 3.8005E-4 1.0000E+1 -9.9998E+0 6.35389E-2 -6.63127E-2 5.0628E+0 5.0539E+0 133.68 133.73
133.82 3.8016E-4 1.0000E+1 -9.9998E+0 6.35158E-2 -6.63719E-2 5.0655E+0 5.0566E+0 133.82 133.82
133.79 3.8005E-4 1.0000E+1 -9.9998E+0 6.35160E-2 -6.63343E-2 5.0665E+0 5.0575E+0 133.80 133.78
133.72 3.7999E-4 1.0000E+1 -9.9998E+0 6.35253E-2 -6.63038E-2 5.0687E+0 5.0597E+0 133.73 133.72
133.68 3.7995E-4 1.0000E+1 -9.9997E+0 6.35282E-2 -6.62875E-2 5.0716E+0 5.0626E+0 133.68 133.68
133.77 3.8017E-4 1.0000E+1 -9.9998E+0 6.36012E-2 -6.62900E-2 5.0743E+0 5.0654E+0 133.75 133.80
134.17 3.8077E-4 1.0000E+1 -9.9998E+0 6.37317E-2 -6.63655E-2 5.0763E+0 5.0675E+0 134.10 134.24
134.96 3.8195E-4 1.0000E+1 -9.9997E+0 6.39884E-2 -6.65116E-2 5.0796E+0 5.0710E+0 134.85 135.07
135.91 3.8317E-4 1.0000E+1 -9.9998E+0 6.42282E-2 -6.66876E-2 5.0846E+0 5.0757E+0 135.78 136.04
136.99 3.8461E-4 1.0000E+1 -9.9998E+0 6.45061E-2 -6.69030E-2 5.0897E+0 5.0808E+0 136.85 137.13
138.19 3.8610E-4 1.0000E+1 -9.9998E+0 6.47380E-2 -6.71805E-2 5.0935E+0 5.0846E+0 138.07 138.31
139.05 3.8713E-4 1.0000E+1 -9.9998E+0 6.48729E-2 -6.73976E-2 5.0952E+0 5.0862E+0 138.98 139.12
139.48 3.8749E-4 1.0000E+1 -9.9997E+0 6.48791E-2 -6.75130E-2 5.0946E+0 5.0857E+0 139.45 139.51
139.63 3.8765E-4 1.0000E+1 -9.9998E+0 6.49227E-2 -6.75245E-2 5.0966E+0 5.0877E+0 139.62 139.64
139.66 3.8771E-4 1.0000E+1 -9.9998E+0 6.49392E-2 -6.75282E-2 5.0991E+0 5.0903E+0 139.66 139.66
139.64 3.8769E-4 1.0000E+1 -9.9998E+0 6.49264E-2 -6.75345E-2 5.1010E+0 5.0919E+0 139.65 139.64
139.66 3.8770E-4 1.0000E+1 -9.9998E+0 6.49260E-2 -6.75389E-2 5.1036E+0 5.0945E+0 139.65 139.67
139.82 3.8799E-4 1.0000E+1 -9.9998E+0 6.50113E-2 -6.75521E-2 5.1052E+0 5.0963E+0 139.78 139.85
140.26 3.8865E-4 1.0000E+1 -9.9998E+0 6.51531E-2 -6.76380E-2 5.1085E+0 5.0995E+0 140.19 140.33
141.05 3.8982E-4 1.0000E+1 -9.9998E+0 6.53972E-2 -6.77934E-2 5.1094E+0 5.1005E+0 140.94 141.16
141.96 3.9095E-4 1.0000E+1 -9.9998E+0 6.56215E-2 -6.79555E-2 5.1148E+0 5.1058E+0 141.83 142.08
142.97 3.9231E-4 1.0000E+1 -9.9997E+0 6.59227E-2 -6.81159E-2 5.1182E+0 5.1093E+0 142.85 143.10
144.08 3.9366E-4 1.0000E+1 -9.9997E+0 6.61199E-2 -6.83801E-2 5.1227E+0 5.1137E+0 143.97 144.20
144.90 3.9467E-4 1.0000E+1 -9.9997E+0 6.63614E-2 -6.84849E-2 5.1273E+0 5.1178E+0 144.83 144.96
145.31 3.9505E-4 1.0000E+1 -9.9998E+0 6.63240E-2 -6.86536E-2 5.1297E+0 5.1208E+0 145.28 145.34
145.48 3.9522E-4 1.0000E+1 -9.9998E+0 6.63167E-2 -6.87162E-2 5.1321E+0 5.1234E+0 145.47 145.49
145.54 3.9525E-4 1.0000E+1 -9.9998E+0 6.63282E-2 -6.87158E-2 5.1343E+0 5.1256E+0 145.54 145.54
145.56 3.9525E-4 1.0000E+1 -9.9997E+0 6.63318E-2 -6.87130E-2 5.1367E+0 5.1279E+0 145.55 145.56
145.62 3.9538E-4 1.0000E+1 -9.9998E+0 6.63552E-2 -6.87342E-2 5.1398E+0 5.1308E+0 145.61 145.64
145.85 3.9574E-4 1.0000E+1 -9.9997E+0 6.64481E-2 -6.87653E-2 5.1406E+0 5.1316E+0 145.82 145.89
146.35 3.9650E-4 1.0000E+1 -9.9997E+0 6.65728E-2 -6.88983E-2 5.1437E+0 5.1350E+0 146.28 146.43
147.16 3.9761E-4 1.0000E+1 -9.9997E+0 6.68192E-2 -6.90333E-2 5.1479E+0 5.1394E+0 147.06 147.27
148.05 3.9876E-4 1.0000E+1 -9.9998E+0 6.70496E-2 -6.91933E-2 5.1503E+0 5.1416E+0 147.93 148.16
149.01 3.9998E-4 1.0000E+1 -9.9997E+0 6.72725E-2 -6.93877E-2 5.1537E+0 5.1450E+0 148.88 149.13
150.03 4.0120E-4 1.0000E+1 -9.9998E+0 6.74210E-2 -6.96577E-2 5.1570E+0 5.1483E+0 149.93 150.14
150.78 4.0206E-4 1.0000E+1 -9.9998E+0 6.75675E-2 -6.98045E-2 5.1619E+0 5.1529E+0 150.72 150.83
151.15 4.0243E-4 1.0000E+1 -9.9997E+0 6.76116E-2 -6.98873E-2 5.1636E+0 5.1548E+0 151.12 151.18
151.32 4.0260E-4 1.0000E+1 -9.9997E+0 6.76248E-2 -6.99302E-2 5.1664E+0 5.1577E+0 151.31 151.33
151.37 4.0265E-4 1.0000E+1 -9.9997E+0 6.76493E-2 -6.99244E-2 5.1665E+0 5.1578E+0 151.37 151.38
151.41 4.0272E-4 1.0000E+1 -9.9998E+0 6.76452E-2 -6.99530E-2 5.1691E+0 5.1604E+0 151.40 151.41
151.50 4.0291E-4 1.0000E+1 -9.9998E+0 6.76852E-2 -6.99768E-2 5.1697E+0 5.1611E+0 151.48 151.52
151.79 4.0334E-4 1.0000E+1 -9.9998E+0 6.77923E-2 -7.00171E-2 5.1739E+0 5.1656E+0 151.74 151.84
152.36 4.0411E-4 1.0000E+1 -9.9997E+0 6.79751E-2 -7.00977E-2 5.1758E+0 5.1676E+0 152.28 152.45
153.24 4.0531E-4 1.0000E+1 -9.9997E+0 6.82228E-2 -7.02588E-2 5.1809E+0 5.1727E+0 153.13 153.35
154.16 4.0652E-4 1.0000E+1 -9.9997E+0 6.84505E-2 -7.04450E-2 5.1820E+0 5.1738E+0 154.04 154.29
155.28 4.0788E-4 1.0000E+1 -9.9997E+0 6.86713E-2 -7.06895E-2 5.1866E+0 5.1782E+0 155.16 155.40
156.23 4.0907E-4 1.0000E+1 -9.9997E+0 6.88603E-2 -7.09044E-2 5.1913E+0 5.1830E+0 156.14 156.32
156.81 4.0963E-4 1.0000E+1 -9.9997E+0 6.89274E-2 -7.10288E-2 5.1935E+0 5.1847E+0 156.76 156.85
157.08 4.0997E-4 1.0000E+1 -9.9997E+0 6.89477E-2 -7.11245E-2 5.1967E+0 5.1877E+0 157.06 157.09
157.18 4.0998E-4 1.0000E+1 -9.9997E+0 6.89341E-2 -7.11448E-2 5.1990E+0 5.1901E+0 157.18 157.19
157.21 4.1009E-4 1.0000E+1 -9.9997E+0 6.89734E-2 -7.11402E-2 5.2008E+0 5.1919E+0 157.21 157.22
157.25 4.1013E-4 1.0000E+1 -9.9997E+0 6.89635E-2 -7.11645E-2 5.2002E+0 5.1913E+0 157.24 157.26
157.38 4.1037E-4 1.0000E+1 -9.9997E+0 6.90256E-2 -7.11845E-2 5.2042E+0 5.1952E+0 157.35 157.41
157.74 4.1091E-4 1.0000E+1 -9.9997E+0 6.91356E-2 -7.12589E-2 5.2064E+0 5.1974E+0 157.69 157.80
158.41 4.1183E-4 1.0000E+1 -9.9997E+0 6.93710E-2 -7.13393E-2 5.2105E+0 5.2013E+0 158.32 158.51
159.30 4.1294E-4 1.0000E+1 -9.9997E+0 6.95691E-2 -7.15206E-2 5.2147E+0 5.2056E+0 159.18 159.41
160.27 4.1422E-4 1.0000E+1 -9.9997E+0 6.98048E-2 -7.17202E-2 5.2180E+0 5.2089E+0 160.15 160.40
161.44 4.1566E-4 1.0000E+1 -9.9997E+0 7.00536E-2 -7.19637E-2 5.2215E+0 5.2124E+0 161.32 161.57
162.39 4.1671E-4 1.0000E+1 -9.9997E+0 7.02131E-2 -7.21653E-2 5.2168E+0 5.2075E+0 162.31 162.48
162.95 4.1726E-4 1.0000E+1 -9.9997E+0 7.02510E-2 -7.23147E-2 5.2199E+0 5.2105E+0 162.91 162.99
163.19 4.1745E-4 1.0000E+1 -9.9998E+0 7.02696E-2 -7.23607E-2 5.2206E+0 5.2114E+0 163.18 163.20
163.27 4.1750E-4 1.0000E+1 -9.9997E+0 7.02754E-2 -7.23724E-2 5.2228E+0 5.2137E+0 163.27 163.27
163.28 4.1756E-4 1.0000E+1 -9.9997E+0 7.02958E-2 -7.23731E-2 5.2240E+0 5.2150E+0 163.27 163.28
163.29 4.1756E-4 1.0000E+1 -9.9997E+0 7.03067E-2 -7.23619E-2 5.2257E+0 5.2165E+0 163.29 163.29
163.40 4.1769E-4 1.0000E+1 -9.9997E+0 7.03249E-2 -7.23876E-2 5.2276E+0 5.2185E+0 163.38 163.42
163.75 4.1818E-4 1.0000E+1 -9.9997E+0 7.04417E-2 -7.24370E-2 5.2285E+0 5.2196E+0 163.69 163.80
164.42 4.1910E-4 1.0000E+1 -9.9997E+0 7.06264E-2 -7.25657E-2 5.2328E+0 5.2238E+0 164.33 164.52
165.35 4.2012E-4 1.0000E+1 -9.9997E+0 7.08471E-2 -7.26955E-2 5.2371E+0 5.2279E+0 165.23 165.47
166.35 4.2124E-4 1.0000E+1 -9.9998E+0 7.10509E-2 -7.28748E-2 5.2392E+0 5.2300E+0 166.22 166.49
167.51 4.2251E-4 1.0000E+1 -9.9998E+0 7.12697E-2 -7.30902E-2 5.2430E+0 5.2339E+0 167.39 167.63
168.40 4.2343E-4 1.0000E+1 -9.9997E+0 7.13697E-2 -7.33045E-2 5.2459E+0 5.2367E+0 168.33 168.48
168.87 4.2384E-4 1.0000E+1 -9.9997E+0 7.14218E-2 -7.33909E-2 5.2468E+0 5.2376E+0 168.84 168.90
169.06 4.2398E-4 1.0000E+1 -9.9997E+0 7.14295E-2 -7.34324E-2 5.2473E+0 5.2382E+0 169.04 169.07
169.11 4.2402E-4 1.0000E+1 -9.9997E+0 7.14307E-2 -7.34446E-2 5.2486E+0 5.2396E+0 169.11 169.11
169.11 4.2404E-4 1.0000E+1 -9.9998E+0 7.14410E-2 -7.34417E-2 5.2496E+0 5.2407E+0 169.11 169.11
169.14 4.2405E-4 1.0000E+1 -9.9997E+0 7.14677E-2 -7.34167E-2 5.2505E+0 5.2414E+0 169.13 169.15
169.32 4.2430E-4 1.0000E+1 -9.9997E+0 7.15041E-2 -7.34646E-2 5.2531E+0 5.2440E+0 169.28 169.35
169.77 4.2494E-4 1.0000E+1 -9.9997E+0 7.16557E-2 -7.35345E-2 5.2568E+0 5.2479E+0 169.70 169.84
170.55 4.2588E-4 1.0000E+1 -9.9997E+0 7.18464E-2 -7.36641E-2 5.2587E+0 5.2498E+0 170.45 170.65
171.43 4.2690E-4 1.0000E+1 -9.9997E+0 7.20449E-2 -7.38142E-2 5.2615E+0 5.2523E+0 171.30 171.55
172.40 4.2803E-4 1.0000E+1 -9.9997E+0 7.22624E-2 -7.39834E-2 5.2651E+0 5.2559E+0 172.27 172.53
173.48 4.2926E-4 1.0000E+1 -9.9998E+0 7.24650E-2 -7.41999E-2 5.2665E+0 5.2573E+0 173.37 173.59
174.30 4.3015E-4 1.0000E+1 -9.9998E+0 7.25865E-2 -7.43808E-2 5.2670E+0 5.2581E+0 174.23 174.37
174.74 4.3052E-4 1.0000E+1 -9.9997E+0 7.26361E-2 -7.44598E-2 5.2689E+0 5.2600E+0 174.71 174.77
174.91 4.3067E-4 1.0000E+1 -9.9997E+0 7.27154E-2 -7.44318E-2 5.2716E+0 5.2626E+0 174.90 174.92
174.96 4.3062E-4 1.0000E+1 -9.9997E+0 7.26484E-2 -7.44794E-2 5.2736E+0 5.2645E+0 174.95 174.96
174.95 4.3076E-4 1.0000E+1 -9.9997E+0 7.27279E-2 -7.44490E-2 5.2761E+0 5.2667E+0 174.95 174.95
175.01 4.3084E-4 1.0000E+1 -9.9997E+0 7.26914E-2 -7.45126E-2 5.2782E+0 5.2693E+0 174.99 175.02
175.24 4.3119E-4 1.0000E+1 -9.9997E+0 7.27778E-2 -7.45475E-2 5.2803E+0 5.2711E+0 175.20 175.29
175.77 4.3189E-4 1.0000E+1 -9.9997E+0 7.29386E-2 -7.46238E-2 5.2831E+0 5.2741E+0 175.69 175.85
176.61 4.3297E-4 1.0000E+1 -9.9997E+0 7.31392E-2 -7.47937E-2 5.2840E+0 5.2750E+0 176.50 176.72
177.53 4.3406E-4 1.0000E+1 -9.9997E+0 7.33436E-2 -7.49628E-2 5.2870E+0 5.2780E+0 177.40 177.65
178.52 4.3516E-4 1.0000E+1 -9.9997E+0 7.35410E-2 -7.51380E-2 5.2901E+0 5.2810E+0 178.39 178.65
179.59 4.3646E-4 1.0000E+1 -9.9997E+0 7.37706E-2 -7.53557E-2 5.2913E+0 5.2822E+0 179.48 179.70
180.37 4.3729E-4 1.0000E+1 -9.9997E+0 7.38600E-2 -7.55487E-2 5.2947E+0 5.2858E+0 180.31 180.43
180.76 4.3762E-4 1.0000E+1 -9.9997E+0 7.38541E-2 -7.56683E-2 5.2956E+0 5.2866E+0 180.74 180.78
180.89 4.3773E-4 1.0000E+1 -9.9998E+0 7.38796E-2 -7.56776E-2 5.2970E+0 5.2880E+0 180.88 180.90
180.90 4.3773E-4 1.0000E+1 -9.9997E+0 7.38666E-2 -7.56936E-2 5.2994E+0 5.2903E+0 180.90 180.90
180.88 4.3770E-4 1.0000E+1 -9.9997E+0 7.38676E-2 -7.56792E-2 5.3007E+0 5.2917E+0 180.88 180.88
180.92 4.3780E-4 1.0000E+1 -9.9997E+0 7.38633E-2 -7.57184E-2 5.3018E+0 5.2928E+0 180.90 180.93
181.15 4.3814E-4 1.0000E+1 -9.9997E+0 7.39813E-2 -7.57174E-2 5.3030E+0 5.2939E+0 181.11 181.19
181.71 4.3888E-4 1.0000E+1 -9.9997E+0 7.41446E-2 -7.58081E-2 5.3054E+0 5.2966E+0 181.63 181.79
182.60 4.4000E-4 1.0000E+1 -9.9997E+0 7.43648E-2 -7.59682E-2 5.3077E+0 5.2988E+0 182.49 182.72
183.57 4.4115E-4 1.0000E+1 -9.9997E+0 7.45790E-2 -7.61469E-2 5.3111E+0 5.3022E+0 183.44 183.70
184.61 4.4243E-4 1.0000E+1 -9.9997E+0 7.47925E-2 -7.63717E-2 5.3141E+0 5.3050E+0 184.48 184.74
185.72 4.4370E-4 1.0000E+1 -9.9997E+0 7.49984E-2 -7.65994E-2 5.3179E+0 5.3086E+0 185.61 185.82
186.49 4.4442E-4 1.0000E+1 -9.9997E+0 7.50974E-2 -7.67459E-2 5.3195E+0 5.3102E+0 186.43 186.55
186.85 4.4474E-4 1.0000E+1 -9.9997E+0 7.51103E-2 -7.68450E-2 5.3221E+0 5.3128E+0 186.82 186.87
186.94 4.4484E-4 1.0000E+1 -9.9997E+0 7.51188E-2 -7.68707E-2 5.3239E+0 5.3146E+0 186.94 186.94
186.92 4.4479E-4 1.0000E+1 -9.9997E+0 7.51119E-2 -7.68586E-2 5.3216E+0 5.3126E+0 186.93 186.91
186.86 4.4473E-4 1.0000E+1 -9.9997E+0 7.50931E-2 -7.68581E-2 5.3223E+0 5.3132E+0 186.87 186.86
186.87 4.4479E-4 1.0000E+1 -9.9997E+0 7.51279E-2 -7.68414E-2 5.3253E+0 5.3159E+0 186.86 186.88
187.09 4.4511E-4 1.0000E+1 -9.9997E+0 7.51957E-2 -7.68839E-2 5.3279E+0 5.3184E+0 187.05 187.13
187.65 4.4582E-4 1.0000E+1 -9.9997E+0 7.53769E-2 -7.69442E-2 5.3288E+0 5.3195E+0 187.57 187.73
188.55 4.4703E-4 1.0000E+1 -9.9997E+0 7.56617E-2 -7.70750E-2 5.3317E+0 5.3223E+0 188.43 188.66
189.52 4.4814E-4 1.0000E+1 -9.9997E+0 7.58778E-2 -7.72361E-2 5.3363E+0 5.3270E+0 189.39 189.65
190.57 4.4944E-4 1.0000E+1 -9.9997E+0 7.61846E-2 -7.73760E-2 5.3408E+0 5.3312E+0 190.43 190.70
191.68 4.5075E-4 1.0000E+1 -9.9997E+0 7.63104E-2 -7.76960E-2 5.3447E+0 5.3355E+0 191.57 191.79
192.49 4.5164E-4 1.0000E+1 -9.9997E+0 7.64042E-2 -7.79068E-2 5.3464E+0 5.3372E+0 192.42 192.55
192.87 4.5199E-4 1.0000E+1 -9.9997E+0 7.64406E-2 -7.79889E-2 5.3496E+0 5.3404E+0 192.85 192.89
192.97 4.5205E-4 1.0000E+1 -9.9997E+0 7.64118E-2 -7.80408E-2 5.3512E+0 5.3424E+0 192.97 192.97
192.93 4.5201E-4 1.0000E+1 -9.9997E+0 7.64056E-2 -7.80323E-2 5.3521E+0 5.3429E+0 192.94 192.92
192.86 4.5183E-4 1.0000E+1 -9.9997E+0 7.63553E-2 -7.80197E-2 5.3497E+0 5.3407E+0 192.87 192.85
192.84 4.5193E-4 1.0000E+1 -9.9997E+0 7.63663E-2 -7.80438E-2 5.3486E+0 5.3397E+0 192.83 192.84
193.02 4.5218E-4 1.0000E+1 -9.9997E+0 7.64225E-2 -7.80736E-2 5.3507E+0 5.3416E+0 192.98 193.05
193.52 4.5297E-4 1.0000E+1 -9.9997E+0 7.66107E-2 -7.81545E-2 5.3535E+0 5.3446E+0 193.44 193.59
194.38 4.5410E-4 1.0000E+1 -9.9997E+0 7.68670E-2 -7.82857E-2 5.3572E+0 5.3484E+0 194.26 194.49
195.35 4.5535E-4 1.0000E+1 -9.9997E+0 7.70988E-2 -7.84804E-2 5.3576E+0 5.3486E+0 195.22 195.48
196.44 4.5675E-4 1.0000E+1 -9.9997E+0 7.73592E-2 -7.86996E-2 5.3606E+0 5.3514E+0 196.30 196.59
197.69 4.5825E-4 1.0000E+1 -9.9997E+0 7.75864E-2 -7.89830E-2 5.3637E+0 5.3548E+0 197.57 197.82
198.69 4.5927E-4 1.0000E+1 -9.9997E+0 7.77434E-2 -7.91754E-2 5.3664E+0 5.3573E+0 198.60 198.78
199.21 4.5979E-4 1.0000E+1 -9.9997E+0 7.77687E-2 -7.93267E-2 5.3676E+0 5.3584E+0 199.18 199.24
199.34 4.5987E-4 1.0000E+1 -9.9997E+0 7.77552E-2 -7.93673E-2 5.3694E+0 5.3600E+0 199.34 199.34
199.27 4.5979E-4 1.0000E+1 -9.9997E+0 7.77267E-2 -7.93681E-2 5.3677E+0 5.3586E+0 199.29 199.26
199.15 4.5960E-4 1.0000E+1 -9.9997E+0 7.77005E-2 -7.93303E-2 5.3685E+0 5.3591E+0 199.17 199.13
199.04 4.5951E-4 1.0000E+1 -9.9997E+0 7.76642E-2 -7.93360E-2 5.3705E+0 5.3612E+0 199.04 199.03
199.08 4.5959E-4 1.0000E+1 -9.9997E+0 7.77134E-2 -7.93147E-2 5.3739E+0 5.3645E+0 199.06 199.10
199.43 4.6011E-4 1.0000E+1 -9.9997E+0 7.78137E-2 -7.93917E-2 5.3745E+0 5.3654E+0 199.37 199.49
200.18 4.6103E-4 1.0000E+1 -9.9997E+0 7.80326E-2 -7.94869E-2 5.3775E+0 5.3686E+0 200.07 200.28
201.31 4.6240E-4 1.0000E+1 -9.9997E+0 7.83184E-2 -7.96696E-2 5.3800E+0 5.3710E+0 201.17 201.45
202.46 4.6361E-4 1.0000E+1 -9.9997E+0 7.85356E-2 -7.98648E-2 5.3838E+0 5.3745E+0 202.32 202.61
203.80 4.6505E-4 1.0000E+1 -9.9997E+0 7.87822E-2 -8.01104E-2 5.3874E+0 5.3779E+0 203.66 203.93
204.80 4.6605E-4 1.0000E+1 -9.9997E+0 7.89062E-2 -8.03302E-2 5.3907E+0 5.3812E+0 204.72 204.88
205.28 4.6647E-4 1.0000E+1 -9.9997E+0 7.89196E-2 -8.04577E-2 5.3884E+0 5.3793E+0 205.26 205.31
205.36 4.6648E-4 1.0000E+1 -9.9997E+0 7.88897E-2 -8.04921E-2 5.3901E+0 5.3812E+0 205.36 205.35
205.24 4.6631E-4 1.0000E+1 -9.9997E+0 7.88547E-2 -8.04686E-2 5.3906E+0 5.3817E+0 205.26 205.23
205.08 4.6610E-4 1.0000E+1 -9.9997E+0 7.88424E-2 -8.04101E-2 5.3940E+0 5.3848E+0 205.10 205.06
204.94 4.6594E-4 1.0000E+1 -9.9997E+0 7.88584E-2 -8.03380E-2 5.3953E+0 5.3860E+0 204.95 204.93
205.00 4.6612E-4 1.0000E+1 -9.9997E+0 7.89286E-2 -8.03316E-2 5.3970E+0 5.3876E+0 204.97 205.02
205.41 4.6668E-4 1.0000E+1 -9.9997E+0 7.90270E-2 -8.04229E-2 5.4004E+0 5.3916E+0 205.34 205.48
206.24 4.6766E-4 1.0000E+1 -9.9997E+0 7.92305E-2 -8.05534E-2 5.4019E+0 5.3933E+0 206.13 206.36
207.34 4.6892E-4 1.0000E+1 -9.9997E+0 7.94768E-2 -8.07386E-2 5.4052E+0 5.3966E+0 207.20 207.48
208.48 4.7013E-4 1.0000E+1 -9.9997E+0 7.97129E-2 -8.09151E-2 5.4080E+0 5.3992E+0 208.34 208.63
209.76 4.7152E-4 1.0000E+1 -9.9997E+0 7.99176E-2 -8.11862E-2 5.4106E+0 5.4014E+0 209.63 209.89
210.72 4.7250E-4 1.0000E+1 -9.9997E+0 8.00592E-2 -8.13803E-2 5.4126E+0 5.4035E+0 210.64 210.80
211.17 4.7288E-4 1.0000E+1 -9.9997E+0 8.00677E-2 -8.14998E-2 5.4143E+0 5.4052E+0 211.15 211.20
211.23 4.7286E-4 1.0000E+1 -9.9997E+0 8.00411E-2 -8.15213E-2 5.4117E+0 5.4025E+0 211.24 211.22
211.11 4.7270E-4 1.0000E+1 -9.9997E+0 7.99810E-2 -8.15249E-2 5.4127E+0 5.4035E+0 211.12 211.09
210.94 4.7250E-4 1.0000E+1 -9.9997E+0 7.99474E-2 -8.14902E-2 5.4118E+0 5.4027E+0 210.96 210.92
210.80 4.7241E-4 1.0000E+1 -9.9997E+0 7.99536E-2 -8.14526E-2 5.4125E+0 5.4033E+0 210.81 210.80
210.89 4.7254E-4 1.0000E+1 -9.9997E+0 8.00040E-2 -8.14483E-2 5.4158E+0 5.4066E+0 210.86 210.91
211.34 4.7320E-4 1.0000E+1 -9.9997E+0 8.01583E-2 -8.15210E-2 5.4173E+0 5.4082E+0 211.27 211.42
212.22 4.7421E-4 1.0000E+1 -9.9997E+0 8.03676E-2 -8.16565E-2 5.4207E+0 5.4116E+0 212.11 212.34
213.35 4.7561E-4 1.0000E+1 -9.9997E+0 8.06612E-2 -8.18383E-2 5.4229E+0 5.4139E+0 213.21 213.49
214.51 4.7695E-4 1.0000E+1 -9.9997E+0 8.08748E-2 -8.20850E-2 5.4259E+0 5.4168E+0 214.37 214.66
215.81 4.7841E-4 1.0000E+1 -9.9997E+0 8.10848E-2 -8.23722E-2 5.4300E+0 5.4208E+0 215.68 215.94
216.79 4.7939E-4 1.0000E+1 -9.9997E+0 8.12418E-2 -8.25506E-2 5.4326E+0 5.4234E+0 216.71 216.88
217.26 4.7977E-4 1.0000E+1 -9.9997E+0 8.12550E-2 -8.26687E-2 5.4358E+0 5.4264E+0 217.24 217.29
217.32 4.7982E-4 1.0000E+1 -9.9997E+0 8.11989E-2 -8.27421E-2 5.4373E+0 5.4277E+0 217.33 217.31
217.17 4.7958E-4 1.0000E+1 -9.9997E+0 8.11645E-2 -8.26928E-2 5.4350E+0 5.4254E+0 217.19 217.15
216.97 4.7939E-4 1.0000E+1 -9.9997E+0 8.11142E-2 -8.26779E-2 5.4374E+0 5.4279E+0 217.00 216.95
216.79 4.7916E-4 1.0000E+1 -9.9997E+0 8.11074E-2 -8.26061E-2 5.4391E+0 5.4293E+0 216.81 216.78
216.83 4.7927E-4 1.0000E+1 -9.9997E+0 8.11635E-2 -8.25882E-2 5.4407E+0 5.4311E+0 216.81 216.85
217.23 4.7989E-4 1.0000E+1 -9.9997E+0 8.13190E-2 -8.26447E-2 5.4429E+0 5.4334E+0 217.16 217.30
218.06 4.8091E-4 1.0000E+1 -9.9997E+0 8.15400E-2 -8.27730E-2 5.4433E+0 5.4342E+0 217.95 218.18
219.28 4.8237E-4 1.0000E+1 -9.9997E+0 8.18677E-2 -8.29420E-2 5.4484E+0 5.4390E+0 219.13 219.43
220.48 4.8375E-4 1.0000E+1 -9.9997E+0 8.21229E-2 -8.31603E-2 5.4488E+0 5.4394E+0 220.33 220.64
221.86 4.8532E-4 1.0000E+1 -9.9997E+0 8.24833E-2 -8.33346E-2 5.4550E+0 5.4452E+0 221.72 222.00
222.93 4.8641E-4 1.0000E+1 -9.9997E+0 8.25264E-2 -8.36647E-2 5.4586E+0 5.4491E+0 222.84 223.02
223.46 4.8689E-4 1.0000E+1 -9.9997E+0 8.25180E-2 -8.38373E-2 5.4565E+0 5.4473E+0 223.44 223.49
223.52 4.8689E-4 1.0000E+1 -9.9997E+0 8.24835E-2 -8.38708E-2 5.4561E+0 5.4472E+0 223.53 223.51
223.33 4.8662E-4 1.0000E+1 -9.9997E+0 8.24259E-2 -8.38384E-2 5.4570E+0 5.4479E+0 223.36 223.31
223.10 4.8631E-4 1.0000E+1 -9.9997E+0 8.23491E-2 -8.38092E-2 5.4575E+0 5.4484E+0 223.13 223.07
222.86 4.8609E-4 1.0000E+1 -9.9997E+0 8.23029E-2 -8.37796E-2 5.4560E+0 5.4471E+0 222.88 222.84
222.82 4.8608E-4 1.0000E+1 -9.9997E+0 8.23404E-2 -8.37384E-2 5.4589E+0 5.4502E+0 222.80 222.83
223.14 4.8655E-4 1.0000E+1 -9.9997E+0 8.24625E-2 -8.37748E-2 5.4620E+0 5.4536E+0 223.08 223.20
223.92 4.8755E-4 1.0000E+1 -9.9997E+0 8.27138E-2 -8.38659E-2 5.4662E+0 5.4577E+0 223.81 224.03
225.14 4.8902E-4 1.0000E+1 -9.9997E+0 8.30078E-2 -8.40735E-2 5.4698E+0 5.4612E+0 224.98 225.29
226.39 4.9033E-4 1.0000E+1 -9.9997E+0 8.32170E-2 -8.43146E-2 5.4715E+0 5.4628E+0 226.23 226.56
227.87 4.9189E-4 1.0000E+1 -9.9997E+0 8.34644E-2 -8.45985E-2 5.4744E+0 5.4657E+0 227.72 228.02
229.04 4.9305E-4 1.0000E+1 -9.9997E+0 8.36277E-2 -8.48326E-2 5.4728E+0 5.4638E+0 228.93 229.14
229.63 4.9357E-4 1.0000E+1 -9.9997E+0 8.36519E-2 -8.49851E-2 5.4748E+0 5.4656E+0 229.60 229.66
229.68 4.9351E-4 1.0000E+1 -9.9997E+0 8.35888E-2 -8.50293E-2 5.4754E+0 5.4661E+0 229.70 229.67
229.46 4.9327E-4 1.0000E+1 -9.9997E+0 8.35058E-2 -8.50275E-2 5.4757E+0 5.4664E+0 229.49 229.43
229.18 4.9289E-4 1.0000E+1 -9.9997E+0 8.34542E-2 -8.49497E-2 5.4760E+0 5.4666E+0 229.22 229.14
228.88 4.9259E-4 1.0000E+1 -9.9997E+0 8.34036E-2 -8.48978E-2 5.4764E+0 5.4670E+0 228.90 228.85
228.77 4.9256E-4 1.0000E+1 -9.9997E+0 8.34432E-2 -8.48498E-2 5.4792E+0 5.4697E+0 228.77 228.78
229.06 4.9297E-4 1.0000E+1 -9.9997E+0 8.35707E-2 -8.48612E-2 5.4825E+0 5.4733E+0 229.00 229.11
229.83 4.9389E-4 1.0000E+1 -9.9997E+0 8.37946E-2 -8.49515E-2 5.4862E+0 5.4772E+0 229.72 229.95
231.07 4.9534E-4 1.0000E+1 -9.9997E+0 8.40913E-2 -8.51522E-2 5.4857E+0 5.4771E+0 230.91 231.23
232.35 4.9662E-4 1.0000E+1 -9.9997E+0 8.43239E-2 -8.53554E-2 5.4907E+0 5.4820E+0 232.18 232.51
233.84 4.9821E-4 1.0000E+1 -9.9997E+0 8.46572E-2 -8.55651E-2 5.4944E+0 5.4858E+0 233.69 233.99
235.02 4.9951E-4 1.0000E+1 -9.9997E+0 8.48121E-2 -8.58543E-2 5.4998E+0 5.4904E+0 234.92 235.13
235.64 4.9993E-4 1.0000E+1 -9.9997E+0 8.48568E-2 -8.59520E-2 5.4972E+0 5.4877E+0 235.61 235.68
235.71 4.9996E-4 1.0000E+1 -9.9997E+0 8.47637E-2 -8.60582E-2 5.4985E+0 5.4891E+0 235.73 235.70
235.48 4.9962E-4 1.0000E+1 -9.9997E+0 8.46766E-2 -8.60284E-2 5.4989E+0 5.4894E+0 235.51 235.44
235.18 4.9922E-4 1.0000E+1 -9.9997E+0 8.45779E-2 -8.59909E-2 5.5002E+0 5.4907E+0 235.21 235.14
234.84 4.9896E-4 1.0000E+1 -9.9997E+0 8.45430E-2 -8.59344E-2 5.5016E+0 5.4918E+0 234.87 234.82
234.71 4.9890E-4 1.0000E+1 -9.9997E+0 8.45536E-2 -8.59063E-2 5.5039E+0 5.4942E+0 234.71 234.72
234.98 4.9922E-4 1.0000E+1 -9.9997E+0 8.46618E-2 -8.59063E-2 5.5061E+0 5.4964E+0 234.92 235.03
235.73 5.0022E-4 1.0000E+1 -9.9997E+0 8.49221E-2 -8.59889E-2 5.5095E+0 5.4999E+0 235.62 235.84
236.96 5.0158E-4 1.0000E+1 -9.9997E+0 8.51900E-2 -8.61848E-2 5.5056E+0 5.4965E+0 236.80 237.11
238.23 5.0295E-4 1.0000E+1 -9.9997E+0 8.54264E-2 -8.64155E-2 5.5095E+0 5.5002E+0 238.06 238.40
239.76 5.0463E-4 1.0000E+1 -9.9997E+0 8.56966E-2 -8.67186E-2 5.5116E+0 5.5027E+0 239.60 239.92
241.02 5.0592E-4 1.0000E+1 -9.9997E+0 8.58867E-2 -8.69691E-2 5.5160E+0 5.5067E+0 240.91 241.13
241.75 5.0654E-4 1.0000E+1 -9.9997E+0 8.59192E-2 -8.71496E-2 5.5177E+0 5.5080E+0 241.70 241.79
241.86 5.0659E-4 1.0000E+1 -9.9997E+0 8.58792E-2 -8.72071E-2 5.5148E+0 5.5053E+0 241.88 241.85
241.63 5.0626E-4 1.0000E+1 -9.9997E+0 8.57690E-2 -8.72039E-2 5.5167E+0 5.5071E+0 241.66 241.59
241.30 5.0580E-4 1.0000E+1 -9.9997E+0 8.56582E-2 -8.71570E-2 5.5165E+0 5.5069E+0 241.34 241.26
240.92 5.0547E-4 1.0000E+1 -9.9997E+0 8.56479E-2 -8.70537E-2 5.5193E+0 5.5098E+0 240.96 240.88
240.71 5.0535E-4 1.0000E+1 -9.9997E+0 8.56612E-2 -8.69997E-2 5.5196E+0 5.5103E+0 240.72 240.70
240.87 5.0562E-4 1.0000E+1 -9.9997E+0 8.57389E-2 -8.70163E-2 5.5225E+0 5.5133E+0 240.83 240.92
241.54 5.0648E-4 1.0000E+1 -9.9997E+0 8.59618E-2 -8.70851E-2 5.5219E+0 5.5128E+0 241.43 241.64
242.72 5.0779E-4 1.0000E+1 -9.9997E+0 8.62269E-2 -8.72707E-2 5.5257E+0 5.5163E+0 242.56 242.87
244.01 5.0919E-4 1.0000E+1 -9.9997E+0 8.64858E-2 -8.74868E-2 5.5288E+0 5.5194E+0 243.84 244.18
245.63 5.1096E-4 1.0000E+1 -9.9997E+0 8.68057E-2 -8.77750E-2 5.5314E+0 5.5222E+0 245.45 245.81
247.03 5.1242E-4 1.0000E+1 -9.9997E+0 8.70410E-2 -8.80382E-2 5.5354E+0 5.5260E+0 246.90 247.17
247.92 5.1315E-4 1.0000E+1 -9.9997E+0 8.71308E-2 -8.81973E-2 5.5365E+0 5.5269E+0 247.86 247.99
248.15 5.1325E-4 1.0000E+1 -9.9997E+0 8.70831E-2 -8.82785E-2 5.5388E+0 5.5290E+0 248.15 248.14
247.91 5.1299E-4 1.0000E+1 -9.9997E+0 8.70593E-2 -8.82135E-2 5.5382E+0 5.5285E+0 247.95 247.87
247.49 5.1250E-4 1.0000E+1 -9.9997E+0 8.69105E-2 -8.81963E-2 5.5397E+0 5.5305E+0 247.54 247.44
247.08 5.1204E-4 1.0000E+1 -9.9997E+0 8.68130E-2 -8.81340E-2 5.5420E+0 5.5327E+0 247.13 247.03
246.73 5.1170E-4 1.0000E+1 -9.9997E+0 8.67811E-2 -8.80518E-2 5.5442E+0 5.5351E+0 246.75 246.71
246.73 5.1183E-4 1.0000E+1 -9.9997E+0 8.68701E-2 -8.80063E-2 5.5457E+0 5.5363E+0 246.70 246.75
247.26 5.1254E-4 1.0000E+1 -9.9997E+0 8.70386E-2 -8.80815E-2 5.5482E+0 5.5390E+0 247.17 247.35
248.37 5.1379E-4 1.0000E+1 -9.9997E+0 8.73176E-2 -8.82290E-2 5.5514E+0 5.5423E+0 248.21 248.52
249.92 5.1554E-4 1.0000E+1 -9.9997E+0 8.76351E-2 -8.85072E-2 5.5496E+0 5.5406E+0 249.73 250.11
251.64 5.1731E-4 1.0000E+1 -9.9997E+0 8.79292E-2 -8.88193E-2 5.5561E+0 5.5467E+0 251.45 251.83
253.16 5.1880E-4 1.0000E+1 -9.9997E+0 8.81448E-2 -8.91118E-2 5.5598E+0 5.5503E+0 253.01 253.30
254.14 5.1968E-4 1.0000E+1 -9.9997E+0 8.82426E-2 -8.93142E-2 5.5577E+0 5.5484E+0 254.07 254.21
254.39 5.1978E-4 1.0000E+1 -9.9997E+0 8.81898E-2 -8.94031E-2 5.5590E+0 5.5496E+0 254.40 254.39
254.14 5.1946E-4 1.0000E+1 -9.9997E+0 8.80475E-2 -8.94361E-2 5.5606E+0 5.5512E+0 254.19 254.10
253.67 5.1893E-4 1.0000E+1 -9.9997E+0 8.79724E-2 -8.93299E-2 5.5623E+0 5.5531E+0 253.73 253.61
253.21 5.1840E-4 1.0000E+1 -9.9997E+0 8.78351E-2 -8.92848E-2 5.5598E+0 5.5504E+0 253.27 253.15
252.78 5.1805E-4 1.0000E+1 -9.9997E+0 8.78133E-2 -8.91899E-2 5.5622E+0 5.5526E+0 252.82 252.75
252.70 5.1809E-4 1.0000E+1 -9.9997E+0 8.78937E-2 -8.91200E-2 5.5642E+0 5.5550E+0 252.68 252.71
253.15 5.1874E-4 1.0000E+1 -9.9997E+0 8.80812E-2 -8.91545E-2 5.5669E+0 5.5576E+0 253.06 253.23
254.19 5.1982E-4 1.0000E+1 -9.9997E+0 8.83417E-2 -8.92631E-2 5.5710E+0 5.5619E+0 254.04 254.33
255.71 5.2153E-4 1.0000E+1 -9.9997E+0 8.86845E-2 -8.95058E-2 5.5748E+0 5.5653E+0 255.52 255.90
257.20 5.2304E-4 1.0000E+1 -9.9997E+0 8.89362E-2 -8.97690E-2 5.5721E+0 5.5629E+0 257.01 257.39
258.86 5.2479E-4 1.0000E+1 -9.9997E+0 8.92100E-2 -9.00954E-2 5.5784E+0 5.5691E+0 258.70 259.02
260.07 5.2597E-4 1.0000E+1 -9.9997E+0 8.93911E-2 -9.03161E-2 5.5819E+0 5.5723E+0 259.97 260.18
260.61 5.2640E-4 1.0000E+1 -9.9997E+0 8.94339E-2 -9.04202E-2 5.5829E+0 5.5734E+0 260.59 260.62
260.49 5.2615E-4 1.0000E+1 -9.9997E+0 8.93646E-2 -9.04061E-2 5.5858E+0 5.5760E+0 260.52 260.45
260.03 5.2573E-4 1.0000E+1 -9.9997E+0 8.92098E-2 -9.04149E-2 5.5867E+0 5.5771E+0 260.09 259.97
259.54 5.2513E-4 1.0000E+1 -9.9997E+0 8.90704E-2 -9.03500E-2 5.5880E+0 5.5786E+0 259.61 259.48
259.03 5.2466E-4 1.0000E+1 -9.9997E+0 8.90143E-2 -9.02452E-2 5.5828E+0 5.5732E+0 259.08 258.98
258.78 5.2450E-4 1.0000E+1 -9.9997E+0 8.90280E-2 -9.01761E-2 5.5855E+0 5.5761E+0 258.79 258.78
259.03 5.2488E-4 1.0000E+1 -9.9997E+0 8.91377E-2 -9.01961E-2 5.5891E+0 5.5801E+0 258.97 259.09
259.87 5.2586E-4 1.0000E+1 -9.9997E+0 8.93935E-2 -9.02774E-2 5.5919E+0 5.5830E+0 259.75 260.00
261.25 5.2743E-4 1.0000E+1 -9.9997E+0 8.97304E-2 -9.04746E-2 5.5952E+0 5.5863E+0 261.08 261.43
262.71 5.2887E-4 1.0000E+1 -9.9997E+0 8.99636E-2 -9.07361E-2 5.5948E+0 5.5860E+0 262.52 262.91
264.46 5.3062E-4 1.0000E+1 -9.9997E+0 9.02686E-2 -9.10262E-2 5.6004E+0 5.5913E+0 264.28 264.64
265.91 5.3207E-4 1.0000E+1 -9.9997E+0 9.04615E-2 -9.13296E-2 5.6044E+0 5.5953E+0 265.78 266.04
266.75 5.3283E-4 1.0000E+1 -9.9997E+0 9.05206E-2 -9.15320E-2 5.6068E+0 5.5973E+0 266.70 266.81
266.86 5.3277E-4 1.0000E+1 -9.9997E+0 9.04149E-2 -9.16143E-2 5.6060E+0 5.5963E+0 266.88 266.84
266.47 5.3228E-4 1.0000E+1 -9.9997E+0 9.02791E-2 -9.15843E-2 5.6053E+0 5.5957E+0 266.53 266.41
265.88 5.3169E-4 1.0000E+1 -9.9997E+0 9.01951E-2 -9.14671E-2 5.6070E+0 5.5976E+0 265.95 265.81
265.26 5.3102E-4 1.0000E+1 -9.9997E+0 9.00911E-2 -9.13408E-2 5.6073E+0 5.5978E+0 265.32 265.20
264.85 5.3068E-4 1.0000E+1 -9.9997E+0 9.00692E-2 -9.12467E-2 5.6083E+0 5.5985E+0 264.87 264.82
264.88 5.3082E-4 1.0000E+1 -9.9997E+0 9.01255E-2 -9.12408E-2 5.6082E+0 5.5988E+0 264.85 264.92
265.52 5.3162E-4 1.0000E+1 -9.9997E+0 9.03113E-2 -9.13250E-2 5.6118E+0 5.6024E+0 265.42 265.62
266.77 5.3303E-4 1.0000E+1 -9.9997E+0 9.06236E-2 -9.14949E-2 5.6156E+0 5.6062E+0 266.60 266.93
268.47 5.3478E-4 1.0000E+1 -9.9997E+0 9.09752E-2 -9.17434E-2 5.6125E+0 5.6033E+0 268.27 268.67
270.32 5.3669E-4 1.0000E+1 -9.9997E+0 9.12984E-2 -9.20717E-2 5.6171E+0 5.6076E+0 270.12 270.51
271.92 5.3826E-4 1.0000E+1 -9.9997E+0 9.15591E-2 -9.23475E-2 5.6211E+0 5.6116E+0 271.77 272.07
272.94 5.3917E-4 1.0000E+1 -9.9997E+0 9.16220E-2 -9.25962E-2 5.6259E+0 5.6163E+0 272.87 273.01
273.18 5.3923E-4 1.0000E+1 -9.9997E+0 9.15845E-2 -9.26553E-2 5.6267E+0 5.6169E+0 273.19 273.16
272.81 5.3874E-4 1.0000E+1 -9.9997E+0 9.14166E-2 -9.26557E-2 5.6280E+0 5.6188E+0 272.87 272.75
272.17 5.3810E-4 1.0000E+1 -9.9997E+0 9.12993E-2 -9.25516E-2 5.6281E+0 5.6189E+0 272.25 272.10
271.57 5.3739E-4 1.0000E+1 -9.9997E+0 9.11465E-2 -9.24621E-2 5.6259E+0 5.6169E+0 271.64 271.49
270.98 5.3691E-4 1.0000E+1 -9.9997E+0 9.11130E-2 -9.23323E-2 5.6279E+0 5.6191E+0 271.02 270.93
270.78 5.3679E-4 1.0000E+1 -9.9997E+0 9.11434E-2 -9.22604E-2 5.6285E+0 5.6197E+0 270.77 270.79
271.19 5.3740E-4 1.0000E+1 -9.9997E+0 9.13479E-2 -9.22639E-2 5.6309E+0 5.6220E+0 271.11 271.28
272.29 5.3861E-4 1.0000E+1 -9.9997E+0 9.16384E-2 -9.23891E-2 5.6323E+0 5.6232E+0 272.13 272.45
273.91 5.4034E-4 1.0000E+1 -9.9997E+0 9.19592E-2 -9.26593E-2 5.6365E+0 5.6275E+0 273.71 274.10
275.47 5.4189E-4 1.0000E+1 -9.9997E+0 9.21760E-2 -9.29691E-2 5.6350E+0 5.6255E+0 275.27 275.67
277.23 5.4366E-4 1.0000E+1 -9.9997E+0 9.24854E-2 -9.32655E-2 5.6392E+0 5.6302E+0 277.05 277.40
278.58 5.4496E-4 1.0000E+1 -9.9997E+0 9.26479E-2 -9.35468E-2 5.6428E+0 5.6333E+0 278.47 278.70
279.28 5.4548E-4 1.0000E+1 -9.9997E+0 9.26688E-2 -9.37046E-2 5.6450E+0 5.6353E+0 279.24 279.31
279.22 5.4523E-4 1.0000E+1 -9.9997E+0 9.25360E-2 -9.37520E-2 5.6452E+0 5.6358E+0 279.26 279.17
278.64 5.4467E-4 1.0000E+1 -9.9997E+0 9.23944E-2 -9.37014E-2 5.6416E+0 5.6319E+0 278.72 278.56
277.98 5.4390E-4 1.0000E+1 -9.9997E+0 9.22672E-2 -9.35656E-2 5.6405E+0 5.6307E+0 278.07 277.90
277.25 5.4320E-4 1.0000E+1 -9.9997E+0 9.21692E-2 -9.34268E-2 5.6414E+0 5.6317E+0 277.32 277.18
276.84 5.4295E-4 1.0000E+1 -9.9997E+0 9.21432E-2 -9.33649E-2 5.6434E+0 5.6339E+0 276.86 276.82
277.00 5.4323E-4 1.0000E+1 -9.9997E+0 9.22810E-2 -9.33228E-2 5.6418E+0 5.6325E+0 276.94 277.05
277.86 5.4429E-4 1.0000E+1 -9.9997E+0 9.25743E-2 -9.33931E-2 5.6460E+0 5.6367E+0 277.73 277.99
279.33 5.4579E-4 1.0000E+1 -9.9997E+0 9.28662E-2 -9.36148E-2 5.6519E+0 5.6424E+0 279.14 279.51
280.94 5.4746E-4 1.0000E+1 -9.9997E+0 9.31682E-2 -9.38825E-2 5.6536E+0 5.6441E+0 280.74 281.14
282.68 5.4914E-4 1.0000E+1 -9.9997E+0 9.34433E-2 -9.41824E-2 5.6579E+0 5.6485E+0 282.50 282.87
284.16 5.5054E-4 1.0000E+1 -9.9997E+0 9.36446E-2 -9.44590E-2 5.6620E+0 5.6522E+0 284.03 284.30
285.11 5.5133E-4 1.0000E+1 -9.9997E+0 9.36889E-2 -9.46837E-2 5.6593E+0 5.6494E+0 285.04 285.17
285.35 5.5145E-4 1.0000E+1 -9.9997E+0 9.36514E-2 -9.47617E-2 5.6611E+0 5.6514E+0 285.36 285.34
284.94 5.5091E-4 1.0000E+1 -9.9997E+0 9.34869E-2 -9.47428E-2 5.6616E+0 5.6520E+0 285.02 284.87
284.24 5.5029E-4 1.0000E+1 -9.9997E+0 9.33857E-2 -9.46321E-2 5.6629E+0 5.6532E+0 284.34 284.15
283.43 5.4938E-4 1.0000E+1 -9.9997E+0 9.32295E-2 -9.44781E-2 5.6636E+0 5.6539E+0 283.52 283.35
282.87 5.4894E-4 1.0000E+1 -9.9997E+0 9.32073E-2 -9.43490E-2 5.6650E+0 5.6554E+0 282.91 282.83
282.84 5.4904E-4 1.0000E+1 -9.9997E+0 9.32734E-2 -9.43164E-2 5.6613E+0 5.6519E+0 282.81 282.88
283.55 5.4987E-4 1.0000E+1 -9.9997E+0 9.35112E-2 -9.43632E-2 5.6655E+0 5.6562E+0 283.43 283.67
284.90 5.5128E-4 1.0000E+1 -9.9997E+0 9.38298E-2 -9.45256E-2 5.6662E+0 5.6570E+0 284.72 285.07
286.55 5.5297E-4 1.0000E+1 -9.9997E+0 9.41315E-2 -9.47997E-2 5.6705E+0 5.6613E+0 286.36 286.75
288.03 5.5431E-4 1.0000E+1 -9.9997E+0 9.43305E-2 -9.50610E-2 5.6733E+0 5.6640E+0 287.84 288.21
289.61 5.5587E-4 1.0000E+1 -9.9997E+0 9.45846E-2 -9.53399E-2 5.6775E+0 5.6681E+0 289.45 289.77
290.81 5.5698E-4 1.0000E+1 -9.9997E+0 9.47300E-2 -9.55712E-2 5.6781E+0 5.6686E+0 290.71 290.91
291.42 5.5744E-4 1.0000E+1 -9.9997E+0 9.47268E-2 -9.57325E-2 5.6797E+0 5.6695E+0 291.39 291.45
291.37 5.5730E-4 1.0000E+1 -9.9997E+0 9.46556E-2 -9.57560E-2 5.6810E+0 5.6708E+0 291.41 291.33
290.78 5.5659E-4 1.0000E+1 -9.9997E+0 9.44769E-2 -9.56909E-2 5.6782E+0 5.6682E+0 290.86 290.70
290.05 5.5584E-4 1.0000E+1 -9.9997E+0 9.43355E-2 -9.55766E-2 5.6797E+0 5.6698E+0 290.14 289.95
289.23 5.5510E-4 1.0000E+1 -9.9997E+0 9.42487E-2 -9.54114E-2 5.6812E+0 5.6710E+0 289.31 289.16
288.83 5.5485E-4 1.0000E+1 -9.9997E+0 9.42646E-2 -9.53120E-2 5.6820E+0 5.6719E+0 288.84 288.82
289.11 5.5532E-4 1.0000E+1 -9.9997E+0 9.44469E-2 -9.52901E-2 5.6814E+0 5.6714E+0 289.03 289.18
290.13 5.5649E-4 1.0000E+1 -9.9997E+0 9.47416E-2 -9.53945E-2 5.6873E+0 5.6774E+0 289.98 290.28
291.60 5.5783E-4 1.0000E+1 -9.9997E+0 9.49841E-2 -9.56100E-2 5.6905E+0 5.6806E+0 291.43 291.78
293.23 5.5946E-4 1.0000E+1 -9.9997E+0 9.52691E-2 -9.58825E-2 5.6952E+0 5.6853E+0 293.04 293.41
294.61 5.6075E-4 1.0000E+1 -9.9997E+0 9.54412E-2 -9.61502E-2 5.6997E+0 5.6900E+0 294.44 294.78
296.04 5.6222E-4 1.0000E+1 -9.9997E+0 9.56826E-2 -9.64118E-2 5.6985E+0 5.6889E+0 295.90 296.18
297.10 5.6315E-4 1.0000E+1 -9.9997E+0 9.57719E-2 -9.66377E-2 5.7017E+0 5.6923E+0 297.01 297.19
297.62 5.6355E-4 1.0000E+1 -9.9997E+0 9.57812E-2 -9.67663E-2 5.7032E+0 5.6939E+0 297.59 297.65
297.60 5.6341E-4 1.0000E+1 -9.9997E+0 9.57062E-2 -9.67920E-2 5.7024E+0 5.6929E+0 297.63 297.57
297.13 5.6296E-4 1.0000E+1 -9.9997E+0 9.56035E-2 -9.67414E-2 5.7016E+0 5.6918E+0 297.20 297.06
296.54 5.6222E-4 1.0000E+1 -9.9997E+0 9.54428E-2 -9.66515E-2 5.7019E+0 5.6929E+0 296.62 296.46
295.89 5.6170E-4 1.0000E+1 -9.9997E+0 9.54020E-2 -9.65122E-2 5.7018E+0 5.6926E+0 295.95 295.83
295.60 5.6149E-4 1.0000E+1 -9.9997E+0 9.54076E-2 -9.64345E-2 5.7045E+0 5.6950E+0 295.60 295.60
295.89 5.6193E-4 1.0000E+1 -9.9997E+0 9.55635E-2 -9.64292E-2 5.7053E+0 5.6960E+0 295.82 295.96
296.84 5.6299E-4 1.0000E+1 -9.9997E+0 9.58100E-2 -9.65448E-2 5.7096E+0 5.7000E+0 296.70 296.97
298.16 5.6439E-4 1.0000E+1 -9.9997E+0 9.60795E-2 -9.67555E-2 5.7152E+0 5.7057E+0 298.00 298.31
299.60 5.6584E-4 1.0000E+1 -9.9997E+0 9.63249E-2 -9.70044E-2 5.7188E+0 5.7093E+0 299.44 299.76
301.01 5.6729E-4 1.0000E+1 -9.9997E+0 9.65461E-2 -9.72797E-2 5.7229E+0 5.7133E+0 300.86 301.16
302.16 5.6839E-4 1.0000E+1 -9.9997E+0 9.66769E-2 -9.75249E-2 5.7205E+0 5.7108E+0 302.06 302.27
302.84 5.6906E-4 1.0000E+1 -9.9997E+0 9.67540E-2 -9.76771E-2 5.7225E+0 5.7125E+0 302.80 302.87
302.86 5.6896E-4 1.0000E+1 -9.9997E+0 9.66433E-2 -9.77513E-2 5.7237E+0 5.7135E+0 302.89 302.82
302.24 5.6822E-4 1.0000E+1 -9.9997E+0 9.64825E-2 -9.76607E-2 5.7224E+0 5.7125E+0 302.33 302.15
301.29 5.6717E-4 1.0000E+1 -9.9997E+0 9.62793E-2 -9.75047E-2 5.7216E+0 5.7118E+0 301.40 301.18
300.24 5.6606E-4 1.0000E+1 -9.9997E+0 9.60842E-2 -9.73216E-2 5.7214E+0 5.7112E+0 300.35 300.12
299.22 5.6507E-4 1.0000E+1 -9.9997E+0 9.59282E-2 -9.71391E-2 5.7216E+0 5.7115E+0 299.32 299.11
298.43 5.6428E-4 1.0000E+1 -9.9997E+0 9.58195E-2 -9.69774E-2 5.7231E+0 5.7130E+0 298.49 298.36
298.04 5.6399E-4 1.0000E+1 -9.9997E+0 9.58213E-2 -9.68774E-2 5.7245E+0 5.7144E+0 298.06 298.03
298.20 5.6429E-4 1.0000E+1 -9.9997E+0 9.59713E-2 -9.68301E-2 5.7278E+0 5.7179E+0 298.15 298.24
298.87 5.6505E-4 1.0000E+1 -9.9997E+0 9.61477E-2 -9.69126E-2 5.7301E+0 5.7202E+0 298.77 298.97
299.92 5.6610E-4 1.0000E+1 -9.9997E+0 9.63323E-2 -9.70848E-2 5.7338E+0 5.7239E+0 299.79 300.05
301.10 5.6740E-4 1.0000E+1 -9.9997E+0 9.65749E-2 -9.72886E-2 5.7300E+0 5.7205E+0 300.97 301.23
302.12 5.6842E-4 1.0000E+1 -9.9997E+0 9.67027E-2 -9.75095E-2 5.7324E+0 5.7225E+0 302.03 302.22
302.73 5.6895E-4 1.0000E+1 -9.9997E+0 9.67325E-2 -9.76606E-2 5.7340E+0 5.7241E+0 302.69 302.77
302.75 5.6880E-4 1.0000E+1 -9.9997E+0 9.66481E-2 -9.76921E-2 5.7368E+0 5.7268E+0 302.78 302.71
302.23 5.6819E-4 1.0000E+1 -9.9997E+0 9.64621E-2 -9.76693E-2 5.7376E+0 5.7278E+0 302.30 302.15
301.45 5.6735E-4 1.0000E+1 -9.9997E+0 9.63388E-2 -9.75057E-2 5.7388E+0 5.7288E+0 301.55 301.36
300.60 5.6645E-4 1.0000E+1 -9.9997E+0 9.61790E-2 -9.73585E-2 5.7366E+0 5.7269E+0 300.70 300.51
299.76 5.6561E-4 1.0000E+1 -9.9997E+0 9.60585E-2 -9.71932E-2 5.7372E+0 5.7274E+0 299.85 299.67
299.07 5.6494E-4 1.0000E+1 -9.9997E+0 9.59588E-2 -9.70647E-2 5.7344E+0 5.7247E+0 299.13 299.00
298.65 5.6464E-4 1.0000E+1 -9.9997E+0 9.59610E-2 -9.69586E-2 5.7310E+0 5.7212E+0 298.68 298.62
298.63 5.6469E-4 1.0000E+1 -9.9997E+0 9.60282E-2 -9.69100E-2 5.7317E+0 5.7217E+0 298.61 298.65
299.04 5.6515E-4 1.0000E+1 -9.9997E+0 9.61442E-2 -9.69507E-2 5.7340E+0 5.7243E+0 298.98 299.11
299.80 5.6598E-4 1.0000E+1 -9.9997E+0 9.63149E-2 -9.70638E-2 5.7382E+0 5.7286E+0 299.70 299.90
300.73 5.6694E-4 1.0000E+1 -9.9997E+0 9.65166E-2 -9.71887E-2 5.7417E+0 5.7318E+0 300.62 300.83
301.61 5.6781E-4 1.0000E+1 -9.9997E+0 9.66257E-2 -9.73789E-2 5.7429E+0 5.7333E+0 301.52 301.70
302.22 5.6840E-4 1.0000E+1 -9.9997E+0 9.66890E-2 -9.75160E-2 5.7452E+0 5.7351E+0 302.17 302.27
302.40 5.6855E-4 1.0000E+1 -9.9997E+0 9.66626E-2 -9.75916E-2 5.7414E+0 5.7314E+0 302.40 302.39
302.09 5.6812E-4 1.0000E+1 -9.9997E+0 9.65294E-2 -9.75803E-2 5.7426E+0 5.7326E+0 302.15 302.04
301.51 5.6749E-4 1.0000E+1 -9.9997E+0 9.64168E-2 -9.74773E-2 5.7391E+0 5.7293E+0 301.58 301.44
300.83 5.6674E-4 1.0000E+1 -9.9997E+0 9.62685E-2 -9.73675E-2 5.7394E+0 5.7295E+0 300.90 300.75
300.23 5.6604E-4 1.0000E+1 -9.9997E+0 9.61390E-2 -9.72593E-2 5.7384E+0 5.7283E+0 300.30 300.15
299.59 5.6552E-4 1.0000E+1 -9.9997E+0 9.61002E-2 -9.71198E-2 5.7379E+0 5.7277E+0 299.65 299.53
299.14 5.6511E-4 1.0000E+1 -9.9997E+0 9.60581E-2 -9.70228E-2 5.7388E+0 5.7289E+0 299.18 299.10
298.99 5.6509E-4 1.0000E+1 -9.9997E+0 9.61045E-2 -9.69694E-2 5.7420E+0 5.7322E+0 298.99 299.00
299.20 5.6527E-4 1.0000E+1 -9.9997E+0 9.61676E-2 -9.69661E-2 5.7438E+0 5.7341E+0 299.16 299.24
299.73 5.6585E-4 1.0000E+1 -9.9997E+0 9.62993E-2 -9.70336E-2 5.7415E+0 5.7323E+0 299.66 299.80
300.47 5.6665E-4 1.0000E+1 -9.9997E+0 9.64201E-2 -9.71859E-2 5.7450E+0 5.7354E+0 300.38 300.56
301.24 5.6748E-4 1.0000E+1 -9.9997E+0 9.65650E-2 -9.73260E-2 5.7489E+0 5.7390E+0 301.16 301.32
301.86 5.6805E-4 1.0000E+1 -9.9997E+0 9.66494E-2 -9.74360E-2 5.7463E+0 5.7364E+0 301.81 301.92
302.17 5.6830E-4 1.0000E+1 -9.9997E+0 9.66525E-2 -9.75174E-2 5.7481E+0 5.7382E+0 302.16 302.18
302.07 5.6807E-4 1.0000E+1 -9.9997E+0 9.65893E-2 -9.75025E-2 5.7489E+0 5.7390E+0 302.11 302.04
301.65 5.6766E-4 1.0000E+1 -9.9997E+0 9.64673E-2 -9.74845E-2 5.7496E+0 5.7396E+0 301.71 301.59
301.09 5.6701E-4 1.0000E+1 -9.9997E+0 9.63643E-2 -9.73659E-2 5.7499E+0 5.7403E+0 301.15 301.02
300.49 5.6640E-4 1.0000E+1 -9.9997E+0 9.62396E-2 -9.72826E-2 5.7461E+0 5.7367E+0 300.55 300.42
299.92 5.6584E-4 1.0000E+1 -9.9997E+0 9.61441E-2 -9.71877E-2 5.7470E+0 5.7373E+0 299.98 299.86
299.49 5.6547E-4 1.0000E+1 -9.9997E+0 9.61330E-2 -9.70705E-2 5.7465E+0 5.7369E+0 299.53 299.46
299.31 5.6533E-4 1.0000E+1 -9.9997E+0 9.61410E-2 -9.70154E-2 5.7483E+0 5.7383E+0 299.32 299.30
299.42 5.6552E-4 1.0000E+1 -9.9997E+0 9.62094E-2 -9.70109E-2 5.7508E+0 5.7409E+0 299.39 299.45
299.83 5.6594E-4 1.0000E+1 -9.9997E+0 9.63244E-2 -9.70403E-2 5.7530E+0 5.7432E+0 299.77 299.89
300.44 5.6660E-4 1.0000E+1 -9.9997E+0 9.64330E-2 -9.71568E-2 5.7511E+0 5.7412E+0 300.37 300.52
301.12 5.6731E-4 1.0000E+1 -9.9997E+0 9.65709E-2 -9.72598E-2 5.7538E+0 5.7442E+0 301.05 301.20
301.71 5.6788E-4 1.0000E+1 -9.9997E+0 9.66507E-2 -9.73777E-2 5.7562E+0 5.7461E+0 301.65 301.76
302.04 5.6820E-4 1.0000E+1 -9.9997E+0 9.66722E-2 -9.74637E-2 5.7562E+0 5.7463E+0 302.02 302.06
302.04 5.6811E-4 1.0000E+1 -9.9997E+0 9.66095E-2 -9.74954E-2 5.7567E+0 5.7468E+0 302.06 302.02
301.71 5.6775E-4 1.0000E+1 -9.9997E+0 9.64996E-2 -9.74813E-2 5.7518E+0 5.7421E+0 301.76 301.67
301.24 5.6720E-4 1.0000E+1 -9.9997E+0 9.64040E-2 -9.73918E-2 5.7526E+0 5.7427E+0 301.30 301.18
300.71 5.6665E-4 1.0000E+1 -9.9997E+0 9.63372E-2 -9.72690E-2 5.7528E+0 5.7432E+0 300.77 300.65
300.20 5.6613E-4 1.0000E+1 -9.9997E+0 9.62639E-2 -9.71651E-2 5.7512E+0 5.7416E+0 300.26 300.15
299.79 5.6576E-4 1.0000E+1 -9.9997E+0 9.62209E-2 -9.70831E-2 5.7511E+0 5.7418E+0 299.83 299.76
299.58 5.6559E-4 1.0000E+1 -9.9997E+0 9.62228E-2 -9.70211E-2 5.7517E+0 5.7423E+0 299.59 299.57
299.63 5.6571E-4 1.0000E+1 -9.9997E+0 9.62818E-2 -9.70052E-2 5.7530E+0 5.7434E+0 299.61 299.65
299.95 5.6601E-4 1.0000E+1 -9.9997E+0 9.63539E-2 -9.70355E-2 5.7521E+0 5.7429E+0 299.90 300.00
300.47 5.6666E-4 1.0000E+1 -9.9997E+0 9.64710E-2 -9.71391E-2 5.7534E+0 5.7442E+0 300.40 300.53
301.07 5.6727E-4 1.0000E+1 -9.9997E+0 9.65949E-2 -9.72227E-2 5.7561E+0 5.7469E+0 301.01 301.14
301.62 5.6779E-4 1.0000E+1 -9.9997E+0 9.66772E-2 -9.73195E-2 5.7558E+0 5.7465E+0 301.57 301.67
301.97 5.6813E-4 1.0000E+1 -9.9997E+0 9.66992E-2 -9.74148E-2 5.7582E+0 5.7490E+0 301.95 302.00
302.03 5.6814E-4 1.0000E+1 -9.9997E+0 9.66411E-2 -9.74737E-2 5.7566E+0 5.7475E+0 302.05 302.02
301.79 5.6779E-4 1.0000E+1 -9.9997E+0 9.65772E-2 -9.74199E-2 5.7570E+0 5.7477E+0 301.83 301.75
301.38 5.6743E-4 1.0000E+1 -9.9997E+0 9.64990E-2 -9.73749E-2 5.7561E+0 5.7469E+0 301.43 301.33
